/********************前两行空出********************/
/*****请从第三行开始将输出数据完全复制过来*****/
0.5554,0.955,1.094,10.986,-2.319,-11.108
0.432,0.725,0.407,-32.776,112.305,-39.185
0.446,0.832,0.144,-22.156,33.203,-9.399
0.425,0.539,0.286,28.076,-66.284,-5.554
0.520,0.864,0.846,45.593,-90.698,8.179
0.511,0.840,0.561,1.892,47.791,-0.183
0.524,0.848,0.329,-34.058,42.786,-21.790
0.492,0.458,0.703,0.671,6.653,-26.184
0.448,0.589,0.436,33.264,42.969,15.991
0.499,0.713,0.440,49.072,48.889,21.240
0.495,0.712,0.341,69.824,48.340,5.798
0.508,0.704,0.368,60.242,30.518,15.320
0.515,0.736,0.406,25.513,14.954,16.907
0.515,0.687,0.476,1.892,3.967,3.723
0.499,0.652,0.442,8.301,-2.563,5.920
0.501,0.699,0.443,-30.273,-5.737,2.747
0.486,0.690,0.454,-58.899,-16.724,0.488
0.481,0.777,0.474,-36.438,-12.268,2.808
0.500,0.737,0.443,7.568,0.305,-11.475
0.487,0.678,0.430,-2.136,-1.709,-8.972
0.492,0.717,0.464,-6.714,-7.141,-3.540
0.505,0.732,0.459,10.498,-2.380,-2.869
0.501,0.712,0.459,13.611,-6.653,-7.874
0.494,0.668,0.437,19.958,-7.568,-5.981
0.504,0.724,0.465,-4.089,-5.859,-1.465
0.513,0.716,0.456,-0.977,-0.427,-0.671
0.504,0.720,0.454,-18.555,5.798,-5.249
0.500,0.680,0.440,7.629,16.296,-7.446
0.504,0.694,0.430,0.671,19.104,-5.981
0.509,0.775,0.545,16.113,25.024,-12.817
0.544,0.700,0.435,86.914,17.212,5.615
0.522,0.697,0.493,89.478,5.493,47.913
0.497,0.616,0.499,57.434,1.404,63.416
0.510,0.590,0.478,23.987,8.179,26.733
0.506,0.705,0.547,0.610,0.488,-17.517
0.521,0.688,0.567,43.335,-3.418,-2.502
0.499,0.657,0.556,51.331,-6.042,8.057
0.505,0.632,0.529,37.415,2.869,9.949
0.500,0.643,0.547,34.302,3.418,8.301
0.501,0.639,0.574,50.049,1.953,6.287
0.495,0.592,0.566,56.335,1.770,7.019
0.497,0.594,0.584,16.846,1.648,6.714
0.501,0.604,0.615,20.630,1.648,6.531
0.503,0.616,0.624,26.855,0.305,5.737
0.501,0.613,0.614,38.330,-0.549,9.766
0.491,0.583,0.625,37.537,3.052,15.991
0.485,0.554,0.625,17.029,3.296,16.479
0.476,0.584,0.664,22.461,2.014,9.949
0.472,0.560,0.668,36.194,2.686,6.287
0.470,0.555,0.676,49.133,3.723,8.179
0.488,0.492,0.710,47.180,3.723,9.888
0.450,0.508,0.672,1.343,-19.226,2.319
0.444,0.522,0.671,-2.563,-14.160,1.709
0.451,0.543,0.685,-6.714,-6.653,1.953
0.475,0.590,0.690,9.949,-7.568,3.906
0.449,0.579,0.686,-3.601,-8.789,10.498
0.450,0.530,0.699,10.498,-6.287,11.780
0.441,0.523,0.689,8.667,-0.061,2.686
0.443,0.519,0.683,12.512,0.793,0.793
0.441,0.547,0.681,-7.690,5.005,2.197
Sample End

-0.264,1.377,1.722,166.748,-260.254,242.798
0.344,2.429,2.252,20.325,-217.651,132.935
0.236,2.129,2.258,-35.461,-77.332,-11.719
-0.191,1.152,1.761,-34.119,113.525,-33.813
-0.152,1.341,1.556,-26.428,148.987,-59.326
-0.056,1.900,1.265,-20.874,211.304,-145.630
-0.415,1.823,0.846,-73.669,295.166,-233.521
-0.946,1.362,0.163,-126.831,261.414,-298.950
-1.458,1.033,-0.600,-127.625,59.753,-420.471
-1.056,-0.057,0.008,-91.980,-67.932,-435.303
-0.041,-0.812,0.093,-128.601,-97.168,-331.726
0.214,-1.073,-0.489,48.279,-85.449,-169.373
0.287,-0.995,-0.254,64.941,-179.077,-10.193
0.516,-0.479,0.902,19.714,-211.121,80.627
0.785,-0.331,1.548,-12.207,-188.843,131.348
0.821,-0.305,1.635,-7.568,-165.039,134.399
0.724,-0.013,1.714,24.414,-98.816,176.147
0.539,0.319,1.539,-29.358,-21.851,220.032
0.300,0.546,1.223,-47.546,38.757,248.352
0.090,0.928,0.953,-75.073,91.370,259.583
-0.109,0.919,0.691,-80.627,99.854,211.365
-0.400,1.111,0.347,-61.462,79.285,148.926
-0.619,1.994,0.252,-29.785,33.630,21.790
-0.712,2.118,0.158,-31.494,6.592,-67.383
-0.797,1.604,-0.103,-92.102,-65.979,-170.471
-0.607,1.147,0.090,-98.694,-155.640,-228.760
-0.491,0.966,0.130,-122.253,-186.401,-257.385
0.020,0.226,0.694,-22.949,-198.730,-222.595
0.191,-0.442,0.617,24.231,-161.499,-149.170
0.223,-0.483,0.762,47.241,-163.025,-82.031
0.381,-0.321,1.404,29.297,-161.377,7.690
0.328,-0.330,1.477,45.837,-124.023,90.515
0.236,-0.352,1.286,59.692,-95.032,158.508
0.380,-0.098,1.694,10.742,-54.199,252.136
0.349,0.409,1.842,-14.954,54.565,280.579
-0.046,0.647,1.596,13.672,130.127,248.413
-0.396,0.570,1.071,95.520,175.049,195.190
-0.459,0.525,0.888,93.628,166.870,199.890
-0.544,0.926,0.781,48.523,158.508,189.514
-0.461,1.404,0.824,-47.729,130.371,155.151
-0.456,1.500,0.763,-61.279,129.578,91.248
-0.598,0.966,0.433,-30.334,107.910,-6.531
-0.499,0.617,0.351,-39.734,50.354,-26.367
-0.263,0.529,0.538,-71.472,11.841,-5.676
-0.033,0.704,0.747,-70.984,-1.099,0.854
0.041,0.736,0.766,-22.949,17.578,-35.034
0.044,0.617,0.644,-8.057,24.658,-45.776
0.053,0.556,0.566,-15.503,14.709,-25.940
0.063,0.570,0.560,-13.550,3.723,-17.151
0.106,0.515,0.647,8.850,-9.033,-15.015
0.138,0.536,0.716,8.362,-15.503,-7.385
0.159,0.625,0.838,-11.658,-17.456,3.723
0.156,0.657,0.860,-13.855,-7.263,3.723
0.130,0.634,0.848,-0.549,0.183,-2.686
0.097,0.618,0.774,-1.770,7.996,-2.563
0.061,0.641,0.719,4.761,9.705,1.465
0.057,0.672,0.689,-0.061,5.249,4.944
0.064,0.672,0.711,2.930,3.479,4.150
0.081,0.706,0.743,1.953,2.441,0.183
0.062,0.647,0.710,9.949,5.188,-4.028
Sample End

0.459,1.304,0.904,-24.841,68.970,-58.533
0.443,1.007,0.708,-22.644,117.554,-66.528
0.335,0.648,0.366,-64.758,145.569,-77.393
0.035,0.190,-0.030,-90.942,77.209,-91.553
-0.291,-0.234,-0.549,-71.228,-12.573,-77.942
-0.639,-1.484,-0.874,-89.355,-264.282,81.604
-0.861,-0.779,0.318,74.280,-396.790,323.669
-0.950,0.058,1.057,245.605,-349.060,375.000
0.062,2.738,2.495,-50.171,-310.425,248.901
0.474,3.497,2.510,-44.922,-194.763,120.850
-0.223,1.883,1.823,-70.679,33.447,-0.122
-0.361,1.446,1.541,-62.195,148.987,-50.049
0.020,2.345,1.545,-86.731,189.575,-109.009
-0.150,2.263,1.450,-115.723,293.640,-299.377
-0.874,1.121,0.637,-148.132,316.650,-357.117
-1.143,0.609,-0.743,-214.722,143.188,-400.513
-1.033,0.511,-0.912,-227.234,-0.305,-378.479
-0.587,0.074,-0.232,-233.582,-108.826,-334.534
-0.103,-0.783,-0.190,-131.836,-158.569,-233.948
0.002,-1.416,-0.399,-9.277,-209.412,-55.481
0.001,-1.116,0.172,25.879,-243.408,120.483
0.683,0.404,1.928,-41.687,-209.656,255.066
0.683,0.614,1.775,-6.714,-169.861,214.233
0.497,0.070,1.272,69.763,-91.431,177.612
0.375,0.183,1.344,60.364,-52.551,242.676
0.529,0.966,1.782,7.812,16.663,279.175
0.153,1.315,1.278,1.160,150.574,260.193
-0.181,1.256,0.803,17.456,167.786,216.919
-0.316,1.369,0.466,26.428,161.621,193.298
-0.446,1.916,0.145,12.085,162.476,157.410
-0.563,2.449,-0.287,-14.954,98.389,-11.414
-0.948,1.583,-0.634,-58.105,-27.893,-159.302
-0.836,1.312,-0.518,-99.426,-133.972,-173.035
-0.607,1.105,-0.076,-114.014,-234.253,-203.796
-0.177,0.486,0.316,-40.161,-225.891,-195.557
-0.150,0.360,0.291,-10.193,-218.994,-183.167
0.134,-0.389,0.659,38.086,-236.328,-170.471
0.165,-0.496,0.947,53.162,-210.571,-63.965
0.117,-0.105,1.361,45.044,-189.331,-2.869
-0.075,-0.028,1.092,61.707,-152.649,122.314
-0.126,0.024,0.943,76.782,-165.344,188.477
-0.185,0.049,1.125,82.947,-155.396,221.313
0.137,0.430,1.864,-0.305,-128.174,221.069
-0.161,0.215,1.688,-29.480,-63.293,229.553
-0.451,0.041,1.209,-69.214,29.114,315.002
-0.589,0.375,1.364,-103.577,101.746,342.712
-0.660,1.121,1.418,-36.438,150.696,261.475
-0.642,1.244,1.220,22.827,211.792,138.855
-0.798,1.089,0.905,13.733,255.005,77.454
-0.973,0.788,0.482,-72.571,228.271,75.989
-0.829,0.686,0.194,-99.976,139.343,70.740
-0.665,0.833,0.312,-127.991,74.402,44.006
-0.476,0.915,0.490,-84.045,55.847,-14.343
-0.432,0.726,0.513,-62.683,56.458,-58.960
-0.409,0.564,0.458,-60.425,46.143,-59.753
-0.277,0.505,0.487,-67.078,15.198,-29.419
-0.182,0.609,0.594,-65.857,1.099,-18.005
-0.020,0.769,0.711,-34.668,10.559,-27.100
-0.016,0.753,0.735,-41.138,20.264,-40.466
-0.051,0.619,0.595,-32.837,27.283,-39.673
Sample End

0.397,1.537,0.685,-67.871,7.751,-151.245
0.460,1.734,0.704,-98.572,5.676,-205.994
0.235,1.635,0.603,-83.740,79.956,-320.557
-0.474,0.282,-0.295,-83.252,144.531,-361.633
-0.334,-0.356,-0.446,-144.226,58.167,-277.954
-0.045,-1.181,-0.125,-170.837,-97.290,-109.619
-0.013,-2.010,-0.323,-91.431,-187.439,145.813
-0.851,-1.865,-0.286,24.292,-254.944,343.018
-1.835,-0.422,0.079,101.074,-259.766,542.236
-2.130,0.895,1.331,195.984,-313.477,579.102
-0.670,3.644,1.832,8.484,-275.391,489.746
0.275,4.000,2.071,-23.376,-153.259,155.457
-0.552,2.490,1.822,17.334,-45.654,-27.527
-0.932,1.131,1.344,-1.465,70.618,-87.830
-0.250,2.421,1.252,-64.270,164.612,-130.676
-0.205,2.776,1.239,-84.839,244.507,-235.962
-0.968,1.555,0.804,-64.819,354.370,-418.823
-1.190,0.521,-0.318,-103.149,302.307,-472.229
-1.096,0.583,-1.019,-137.024,181.091,-430.237
-0.873,0.302,-0.776,-183.167,-2.686,-407.837
-0.562,-0.026,-0.353,-241.882,-110.046,-285.217
-0.085,-0.511,-0.047,-223.083,-177.917,-206.421
0.418,-1.118,0.343,-150.208,-200.500,-28.503
0.198,-0.675,0.329,-98.267,-159.668,141.052
0.345,-0.037,0.758,-57.312,-169.067,202.026
0.585,0.449,1.365,-2.563,-140.259,249.634
0.573,0.501,1.493,57.434,-58.350,248.291
0.424,0.616,1.295,49.072,-10.925,266.235
0.309,0.926,1.246,28.503,69.824,289.612
0.501,1.490,1.319,-8.362,121.887,286.621
-0.056,1.504,0.857,-5.005,245.789,252.686
-0.282,1.603,0.409,12.512,267.517,228.455
-0.649,2.257,-0.668,38.147,185.547,84.717
-0.656,2.308,-0.907,20.081,27.039,-91.675
-0.696,1.987,-0.828,-59.021,-39.551,-129.639
-0.961,1.406,-0.864,-149.048,-162.231,-132.996
-0.662,1.138,-0.312,-93.872,-331.604,-194.153
-0.158,0.785,0.276,-19.897,-337.769,-239.136
-0.248,-0.139,0.053,7.690,-257.324,-198.242
-0.129,-0.830,0.248,12.756,-260.071,-51.514
-0.124,-0.971,0.710,-2.319,-235.229,58.105
-0.211,-0.357,1.304,52.734,-178.772,204.468
-0.045,0.141,1.757,55.908,-139.526,262.451
0.006,0.618,1.955,-10.559,-60.181,301.025
-0.250,0.884,1.709,-23.560,66.345,319.641
-0.409,0.949,1.560,-20.630,128.418,301.147
-0.704,0.846,1.199,-16.052,218.933,273.743
-0.811,1.184,1.236,-35.095,276.855,246.155
-0.935,2.017,0.761,-21.545,309.814,157.166
-1.073,1.716,-0.068,5.066,273.254,4.517
-1.082,1.229,-0.460,1.648,212.585,-53.589
-0.830,0.873,-0.385,-50.903,81.787,-50.659
-0.478,0.724,0.128,-68.420,-19.531,-38.879
-0.270,0.681,0.461,-53.711,-44.678,-42.908
-0.110,0.656,0.659,-35.706,-20.142,-41.138
-0.108,0.653,0.630,-20.691,6.165,-35.461
-0.161,0.615,0.507,-10.132,20.874,-31.860
-0.138,0.647,0.440,2.563,9.583,-9.949
-0.105,0.717,0.496,-3.052,3.418,1.221
-0.050,0.832,0.566,-3.662,3.235,8.301
Sample End

0.375,1.660,0.457,-126.892,166.199,-213.684
0.154,1.290,0.433,-118.896,192.505,-267.761
-0.295,0.099,-0.160,-48.462,216.919,-316.101
-0.491,-0.560,-0.768,-92.285,41.016,-229.492
-0.762,-1.357,-0.910,-119.141,-109.253,-72.266
-0.963,-1.475,-0.346,-147.766,-304.260,296.875
-1.241,-0.991,0.264,50.415,-378.296,518.005
-1.867,-0.083,1.122,204.773,-366.455,548.950
-1.279,2.245,2.007,190.918,-269.714,527.100
-0.005,4.000,2.253,61.218,-184.692,387.451
-0.426,3.348,1.813,43.274,-90.210,59.814
-0.965,1.638,1.766,4.517,42.725,-56.641
-1.003,1.124,1.217,-28.015,109.558,-70.679
-0.294,2.198,1.060,-72.571,164.612,-127.136
-0.224,2.399,1.028,-109.192,219.849,-223.999
-0.737,1.672,0.798,-145.264,305.481,-373.352
-1.028,0.984,0.533,-138.611,292.236,-448.853
-1.100,0.519,-0.229,-125.244,234.070,-435.913
-1.032,0.389,-0.859,-166.321,84.656,-406.372
-0.647,0.093,-0.360,-186.523,-28.687,-369.812
-0.237,0.047,-0.195,-251.648,-131.836,-277.466
0.178,-0.317,0.101,-206.726,-238.708,-156.128
0.373,-0.422,0.181,-123.901,-227.478,-61.035
0.326,-0.326,0.235,-59.265,-190.308,91.797
0.182,-0.148,0.631,-88.745,-174.011,228.027
0.346,-0.059,1.328,-56.458,-187.500,290.405
0.284,0.461,1.385,59.326,-127.319,291.443
0.212,0.582,1.161,93.201,-74.707,286.560
0.344,0.938,1.416,54.993,0.854,303.711
0.549,1.672,1.545,-59.692,109.131,288.696
0.271,1.498,1.360,-69.031,213.257,247.559
-0.519,1.102,0.531,-23.865,289.307,208.862
-0.664,1.569,0.192,9.949,232.422,160.156
-0.530,2.296,-0.283,21.484,174.133,9.949
-0.764,2.245,-0.828,-21.484,76.782,-112.549
-1.191,1.382,-1.367,-90.393,-42.603,-121.887
-0.935,0.962,-0.715,-153.625,-266.235,-104.553
-0.534,0.999,-0.026,-125.610,-315.002,-135.864
-0.150,1.107,0.039,-55.115,-319.092,-155.884
-0.520,0.552,0.011,-67.444,-353.210,-144.226
-0.152,0.053,0.768,-70.374,-368.530,-76.233
0.109,-0.568,1.282,-33.691,-242.187,33.264
-0.039,-0.255,1.076,25.635,-140.869,103.149
-0.254,0.117,0.736,72.754,-43.396,211.975
-0.294,0.564,0.859,34.363,-67.261,253.479
-0.208,0.715,1.151,-17.212,-58.411,278.564
-0.494,0.619,1.167,-23.865,25.635,275.513
-0.640,0.718,1.217,-31.616,88.379,295.471
-0.754,1.407,1.461,-55.359,203.369,279.846
-0.892,1.827,1.348,-42.297,261.108,163.879
-1.117,1.477,0.675,-10.010,310.669,76.965
-1.272,0.934,-0.093,-20.142,280.457,24.780
-1.159,0.898,-0.361,-42.603,209.229,23.499
-0.884,0.944,-0.301,-46.387,96.130,8.118
-0.707,0.987,-0.124,-48.096,45.410,-17.090
-0.550,0.809,0.211,-39.368,9.705,-50.049
-0.483,0.557,0.328,-23.193,-19.287,-50.110
-0.420,0.561,0.385,-14.587,-24.231,-39.673
-0.291,0.678,0.488,0.732,-26.611,-35.400
-0.232,0.746,0.540,-2.319,-12.268,-30.701
Sample End

0.346,1.810,0.636,-98.511,107.727,-125.977
0.188,1.735,0.539,-102.783,146.423,-203.430
-0.236,1.058,0.258,-85.327,176.392,-303.589
-0.605,-0.201,-0.368,-71.106,106.689,-282.898
-0.587,-0.894,-0.565,-110.901,-42.847,-187.073
-0.478,-1.498,-0.103,-130.127,-278.137,61.890
-0.951,-1.251,0.482,-22.949,-318.726,319.946
-1.342,-0.733,0.849,83.740,-313.538,447.937
-1.680,0.391,1.244,222.595,-199.829,582.031
-1.120,3.137,1.894,93.567,-162.292,496.887
0.080,4.000,1.810,33.386,-122.375,263.245
-0.593,2.605,1.841,11.108,-34.912,-46.448
-1.158,1.112,1.332,-60.974,111.206,-93.994
-0.851,1.625,0.973,-133.545,130.981,-121.765
-0.448,2.770,0.888,-182.495,172.913,-262.634
-0.729,2.574,0.884,-202.515,197.327,-377.014
-1.372,1.313,0.546,-188.660,205.994,-521.179
-1.768,0.449,-0.290,-124.451,123.779,-543.823
-1.352,-0.158,-0.643,-146.606,7.812,-488.098
-0.305,-0.107,0.182,-215.393,-100.220,-327.576
0.022,-0.241,0.260,-203.369,-100.586,-260.315
0.261,-0.627,0.005,-83.313,-160.645,-168.701
0.327,-0.362,0.041,-38.086,-162.720,2.625
0.258,0.026,0.103,-73.242,-159.729,100.525
0.369,-0.144,0.822,-71.655,-171.570,201.782
0.259,-0.138,1.043,18.005,-153.870,277.283
0.059,0.064,1.049,64.087,-134.094,311.768
0.100,0.725,1.233,90.210,-62.256,338.867
0.479,1.369,1.549,34.180,-13.855,329.407
0.447,1.662,1.437,-39.185,102.051,262.817
0.039,1.280,1.076,-38.574,183.899,228.271
-0.574,1.022,0.463,-21.912,227.234,258.057
-0.565,2.295,0.067,-42.908,172.424,151.123
-0.629,2.520,-0.342,10.803,121.460,-1.099
-1.105,1.878,-1.074,-31.372,23.560,-161.499
-1.245,1.235,-0.725,-169.312,-174.988,-122.009
-0.651,1.146,-0.189,-173.645,-232.300,-74.219
-0.370,1.048,-0.195,-47.791,-233.032,-138.428
-0.557,0.644,-0.492,32.837,-280.151,-192.383
-0.265,-0.266,0.100,5.188,-303.955,-106.567
0.076,-0.483,0.966,-10.498,-240.784,10.498
0.129,-0.120,1.326,48.462,-152.588,81.116
-0.080,0.106,1.178,47.363,-105.408,123.779
-0.389,-0.046,1.030,-44.983,-84.595,263.062
-0.479,0.169,1.261,-68.298,-42.480,353.882
-0.577,0.548,1.339,-9.705,43.274,398.254
-0.461,1.313,1.787,-29.358,137.207,394.226
-0.707,1.989,1.522,-24.902,222.717,310.608
-1.222,1.574,0.771,1.831,272.278,126.526
-1.415,1.041,0.469,2.014,263.916,69.458
-1.464,0.762,-0.011,-14.587,233.765,52.002
-1.309,0.853,-0.187,-42.419,147.522,41.382
-0.995,0.976,-0.068,-48.523,94.727,21.423
-0.797,0.860,0.069,-49.255,51.575,-17.334
-0.730,0.668,0.120,-29.968,16.174,-43.091
-0.600,0.460,0.269,-15.869,-15.869,-43.640
-0.484,0.478,0.455,-4.944,-29.785,-32.227
-0.418,0.560,0.515,-2.930,-25.818,-24.597
-0.349,0.697,0.690,-8.301,-19.836,-20.325
-0.357,0.712,0.707,-14.832,-0.488,-19.775
Sample End

0.012,1.855,0.872,-105.774,29.907,-127.563
0.143,2.229,0.948,-136.963,58.899,-196.655
-0.182,1.889,0.930,-174.561,175.720,-326.782
-0.784,0.581,0.518,-112.427,244.995,-424.011
-0.868,-0.320,-0.379,-10.986,229.370,-411.804
-0.712,-1.071,-1.115,-89.661,-0.427,-242.310
-0.433,-1.388,-0.331,-199.097,-230.042,74.646
-0.590,-1.451,0.077,-177.185,-282.166,277.588
-1.245,-0.752,0.826,48.035,-341.309,487.305
-1.770,-0.084,0.905,312.622,-245.361,514.954
-1.792,1.432,1.616,234.436,-229.370,548.584
-0.060,4.000,2.099,5.432,-131.348,337.646
-0.275,4.000,1.656,-1.099,-90.515,-41.016
-1.275,1.798,1.537,-47.607,81.360,-152.161
-1.100,1.743,1.080,-134.155,150.513,-204.285
-0.744,2.395,1.048,-148.315,175.476,-275.757
-1.070,2.285,0.794,-151.428,246.826,-440.552
-2.091,0.835,-0.694,-105.713,232.483,-577.759
-2.148,-0.042,-1.539,-78.308,77.332,-573.547
-0.893,-0.350,-0.082,-231.873,-180.298,-399.902
0.025,-0.773,0.422,-213.928,-156.128,-258.911
0.094,-1.496,0.170,-92.712,-174.072,-167.603
-0.053,-1.348,0.228,-49.438,-226.562,105.774
-0.165,-0.205,0.776,16.846,-208.557,292.542
0.087,0.306,1.457,84.534,-166.565,322.632
0.425,1.056,1.745,53.101,-80.261,319.763
0.432,1.360,1.707,12.573,41.382,272.156
0.031,1.186,1.374,-8.911,142.212,261.475
-0.534,0.843,1.036,-50.293,270.447,309.570
-0.541,1.663,0.656,-58.044,323.181,343.811
-0.693,2.802,-0.512,2.441,225.525,103.271
-0.823,2.045,-0.590,53.894,85.754,-88.745
-0.763,1.178,-0.310,-13.855,-4.333,-129.089
-0.646,1.430,-0.285,-138.245,-46.204,-30.273
-0.573,1.516,-0.375,-77.271,-108.948,-95.032
-0.730,0.943,-0.540,-52.246,-209.900,-216.370
-0.444,0.144,0.111,-101.990,-286.133,-142.822
-0.168,-0.089,0.469,-61.279,-268.555,-79.773
0.025,-0.406,0.686,36.987,-217.896,-8.606
-0.085,-0.427,0.697,95.093,-161.804,111.511
-0.129,0.047,0.968,127.502,-132.690,167.114
-0.035,0.467,1.254,62.134,-104.187,234.253
-0.149,0.730,1.441,3.235,-75.195,267.761
-0.156,0.975,1.451,-13.184,6.348,263.184
-0.192,1.092,1.561,-51.025,95.825,242.798
-0.485,1.141,1.367,-36.377,171.692,195.801
-0.763,1.055,0.992,-25.940,228.210,143.738
-0.894,1.132,0.725,-16.541,243.103,104.553
-1.009,1.102,0.287,-12.329,238.281,47.424
-0.974,1.029,0.018,-28.137,191.223,16.968
-0.916,0.947,-0.103,-31.494,132.690,0.061
-0.764,0.869,-0.018,-31.738,55.969,-16.907
-0.661,0.796,0.082,-36.865,26.733,-27.466
-0.488,0.698,0.297,-37.964,-8.301,-31.311
-0.335,0.676,0.509,-38.757,-27.039,-29.724
-0.282,0.646,0.592,-32.959,-23.499,-30.945
-0.248,0.604,0.629,-13.000,-10.864,-25.635
-0.239,0.621,0.608,1.221,2.441,-15.076
-0.248,0.683,0.563,-0.183,7.629,-5.859
-0.252,0.754,0.539,4.395,12.146,0.610
Sample End

-0.018,1.948,0.755,-156.189,58.899,-188.599
-0.124,1.754,0.620,-140.747,116.333,-301.147
-0.444,0.870,0.330,-93.811,144.531,-352.600
-0.536,0.078,-0.025,-64.697,93.262,-325.745
-0.215,-0.639,-0.331,-83.740,4.639,-229.614
-0.417,-1.554,-0.685,-95.947,-144.714,-25.513
-0.759,-2.024,-0.371,-79.651,-276.123,183.838
-1.431,-1.097,0.545,69.641,-301.697,444.702
-1.941,0.142,1.259,242.065,-218.262,606.567
-1.665,1.670,1.707,215.271,-154.968,614.319
-0.038,4.000,1.940,4.333,-89.417,347.473
-0.599,3.527,1.772,-1.770,-44.983,-46.265
-1.256,1.740,1.523,-68.542,119.263,-145.081
-0.965,2.099,1.186,-173.645,164.062,-196.411
-0.917,2.704,0.957,-188.660,191.345,-370.667
-1.348,2.141,0.738,-185.059,206.970,-481.873
-2.111,0.556,-0.605,-131.836,188.293,-577.881
-1.436,-0.160,-0.629,-171.814,-31.128,-499.817
-0.765,-0.393,-0.004,-202.271,-124.268,-422.852
-0.048,-0.972,0.156,-138.977,-120.483,-299.072
-0.099,-1.525,-0.309,-67.505,-183.350,-89.722
-0.155,-1.172,-0.048,-61.646,-221.191,95.764
-0.144,-0.251,0.654,-32.715,-224.915,304.260
0.314,0.551,1.671,63.599,-200.928,320.679
0.365,0.887,1.560,95.886,-125.366,299.561
0.730,1.555,2.049,-12.085,-15.137,270.142
0.408,1.381,1.728,-29.968,98.877,237.488
-0.110,0.904,1.218,-24.170,238.037,239.624
-0.283,1.531,0.943,-42.664,296.143,265.320
-0.537,2.788,-0.269,-8.301,293.640,142.029
-0.791,2.216,-0.853,29.663,131.531,-103.210
-0.950,1.285,-0.950,12.024,30.151,-152.832
-0.741,1.213,-0.672,-156.921,-90.820,-46.570
-0.472,1.291,-0.450,-135.498,-163.940,-58.533
-0.603,0.991,-0.504,-82.336,-221.252,-122.864
-0.429,0.349,-0.016,-24.048,-316.833,-126.587
-0.243,-0.055,0.390,-39.063,-296.082,-21.362
-0.195,-0.429,0.792,13.306,-256.042,49.133
-0.121,-0.274,1.338,90.271,-198.608,153.687
0.091,0.118,1.650,94.543,-122.559,234.436
-0.014,0.451,1.570,79.346,-38.025,261.963
-0.223,0.386,1.434,4.028,36.682,314.819
-0.432,0.580,1.381,-15.259,83.008,352.600
-0.651,1.234,1.195,-6.592,136.719,317.932
-0.814,1.604,1.205,-10.559,195.801,228.210
-1.088,1.670,0.834,8.606,230.042,137.695
-1.143,1.385,0.442,-16.296,209.595,49.500
-1.053,1.222,0.349,-40.649,190.613,7.751
-0.892,1.087,0.175,-63.538,153.748,-35.645
-0.732,0.817,0.102,-57.068,99.487,-83.130
-0.650,0.609,0.096,-53.467,64.270,-92.896
-0.493,0.414,0.206,-56.580,19.043,-71.533
-0.361,0.463,0.339,-52.551,0.916,-47.241
-0.227,0.628,0.536,-46.021,-11.902,-38.940
-0.189,0.672,0.607,-34.851,8.545,-39.063
-0.198,0.619,0.599,-23.437,21.240,-37.720
-0.210,0.607,0.536,-4.089,28.259,-26.062
-0.207,0.673,0.478,6.531,24.048,-8.728
-0.191,0.741,0.474,3.845,18.433,-0.549
-0.173,0.824,0.502,-4.272,12.573,7.874
Sample End

0.084,1.931,0.814,-61.279,29.785,-125.488
0.121,2.219,0.866,-97.839,32.410,-254.089
0.053,2.266,0.921,-130.493,118.164,-366.150
-0.772,0.799,0.533,-66.406,266.846,-495.605
-0.999,-0.384,-0.368,-33.386,279.480,-490.051
-0.752,-1.060,-0.930,-166.748,18.433,-278.015
-0.526,-1.891,-0.665,-256.470,-234.131,15.015
-0.730,-1.835,-0.157,-244.568,-348.511,251.892
-1.644,-1.423,0.781,-2.930,-357.117,507.446
-2.520,0.004,1.277,232.544,-240.112,721.619
-2.467,1.311,1.698,267.273,-178.894,769.897
-0.724,4.000,2.203,48.157,-62.683,533.447
-0.238,4.000,1.301,13.123,-57.800,62.500
-1.087,3.141,1.760,28.809,-74.463,-190.613
-1.297,1.693,1.157,-129.150,202.942,-231.689
-0.792,2.664,0.870,-161.499,167.725,-350.830
-1.387,2.022,0.401,-113.770,193.542,-532.471
-1.890,0.830,-0.165,-91.187,175.232,-589.783
-1.489,-0.356,-0.727,-106.201,76.172,-485.596
-0.518,-0.044,-0.158,-186.707,-94.666,-316.467
-0.221,-0.216,0.056,-158.691,-123.291,-288.696
0.033,-1.107,0.093,-89.661,-144.836,-187.378
-0.015,-1.141,0.121,-114.075,-167.175,53.955
-0.039,-0.629,0.362,-88.318,-181.213,189.331
-0.113,-0.024,0.993,1.587,-198.608,309.204
0.262,0.807,1.632,58.594,-124.146,344.788
0.470,1.210,1.833,45.898,-61.523,310.425
0.285,1.276,1.709,-4.211,74.036,251.343
-0.312,0.793,1.202,-26.855,207.153,255.371
-0.568,1.038,0.951,-43.762,264.160,290.222
-0.483,2.527,0.214,8.240,278.381,251.404
-0.595,2.473,-0.420,70.801,207.520,63.171
-1.018,1.813,-1.066,47.119,93.323,-72.266
-0.926,1.537,-0.671,-116.638,-46.143,-39.246
-0.586,1.662,-0.186,-163.330,-105.408,-23.132
-0.462,1.531,-0.103,-86.487,-169.434,-128.601
-0.680,0.591,-0.248,-15.808,-213.379,-208.374
-0.692,0.003,-0.106,-57.068,-256.897,-160.828
-0.258,-0.424,0.707,-79.224,-289.246,-20.508
-0.046,-0.693,1.261,18.250,-231.018,103.821
-0.100,-0.570,1.260,93.201,-159.180,179.321
-0.344,-0.330,1.192,123.840,-82.520,283.752
-0.552,0.424,1.301,91.675,-7.263,388.184
-0.533,1.172,1.400,54.321,43.945,383.606
-0.389,2.241,1.472,-15.320,105.774,298.157
-0.573,2.064,1.261,-4.211,130.615,168.457
-0.980,1.245,1.044,-22.888,177.612,59.875
-1.129,0.903,0.730,-49.805,212.830,19.165
-1.033,0.888,0.600,-63.599,207.581,-13.245
-0.877,0.960,0.331,-54.871,200.073,-45.837
-0.795,0.989,0.115,-51.697,166.321,-77.576
-0.699,0.771,-0.047,-46.326,126.099,-86.609
-0.632,0.452,-0.078,-52.063,54.321,-70.862
-0.495,0.339,0.093,-47.668,-10.864,-35.034
-0.276,0.491,0.368,-41.199,-29.114,-17.883
-0.116,0.727,0.611,-29.297,-34.973,-6.287
-0.074,0.816,0.744,-23.499,-13.489,-15.503
-0.154,0.729,0.709,-7.446,3.906,-19.836
-0.254,0.662,0.584,4.089,16.785,-14.343
-0.263,0.727,0.532,4.700,14.893,-4.150
Sample End

0.179,1.945,0.853,-106.750,52.002,-158.203
0.177,2.248,0.854,-117.493,119.080,-230.530
-0.276,1.396,0.747,-109.558,205.383,-378.113
-0.672,0.346,-0.091,-80.872,218.445,-405.212
-0.558,-0.448,-0.547,-123.962,74.890,-354.858
-0.166,-0.878,-0.403,-157.043,-112.305,-192.688
-0.040,-1.240,-0.163,-138.489,-170.776,70.313
-0.278,-1.200,0.165,-80.872,-218.750,245.544
-1.053,-0.774,0.858,57.739,-288.208,479.858
-1.470,-0.075,1.208,208.740,-149.902,613.892
-1.478,1.563,1.309,204.346,-98.816,591.980
0.161,4.000,1.431,-18.616,-91.125,327.454
0.366,4.000,1.179,7.263,-71.899,74.341
-0.804,2.737,1.149,-48.279,85.449,-185.059
-0.979,2.513,1.167,-181.213,188.049,-298.828
-0.917,2.318,1.351,-216.736,231.201,-416.626
-1.394,0.240,0.471,-157.715,246.338,-481.750
-1.250,-0.116,-0.712,-192.993,124.939,-408.936
-0.630,0.006,-0.705,-213.196,-115.601,-338.501
-0.155,0.046,-0.293,-148.071,-156.555,-279.053
-0.094,-0.419,-0.304,-120.483,-177.307,-185.547
0.135,-1.183,0.135,-49.438,-263.916,-38.818
0.167,-0.716,0.698,-8.850,-217.957,169.373
0.174,-0.033,1.076,2.319,-169.800,251.526
0.130,0.352,1.325,28.442,-143.494,286.987
0.550,1.347,1.780,4.822,-69.458,284.119
0.498,1.506,1.636,-10.254,16.052,237.061
-0.117,0.959,1.007,-2.014,199.585,227.539
-0.444,1.273,0.419,6.104,253.906,261.658
-0.640,2.863,-1.342,49.683,151.489,150.452
-0.730,2.267,-1.413,2.380,-87.158,-80.933
-0.743,1.721,-0.810,-56.335,-182.678,-128.540
-0.465,1.227,0.097,-97.839,-232.849,-78.918
-0.184,0.606,0.397,14.893,-205.322,-89.966
-0.039,0.026,0.576,44.556,-179.749,-86.853
0.015,-0.466,0.868,8.179,-129.700,7.996
0.031,-0.378,1.179,28.870,-79.224,114.624
0.087,-0.090,1.431,44.495,-42.419,172.791
-0.041,0.217,1.545,48.889,25.391,234.863
-0.208,0.481,1.424,26.855,127.380,292.480
-0.593,1.601,0.967,22.949,203.247,272.949
-0.625,2.154,-0.055,84.839,161.987,125.488
-0.713,2.034,-0.314,73.730,91.553,29.602
-0.702,1.683,-0.016,-22.705,48.706,-24.658
-0.641,1.354,0.240,-69.214,25.940,-37.964
-0.510,0.959,0.446,-48.889,-22.949,-81.726
-0.396,0.646,0.430,-9.521,-4.272,-94.788
-0.286,0.570,0.362,-9.521,3.418,-74.890
-0.208,0.470,0.350,-21.851,-1.831,-38.635
-0.125,0.473,0.528,-13.977,-2.869,-15.564
-0.069,0.602,0.651,-5.005,3.052,-3.967
-0.099,0.771,0.634,8.240,24.536,5.127
-0.172,0.832,0.503,19.958,41.992,3.662
-0.210,0.848,0.422,16.907,43.701,0.122
-0.208,0.894,0.392,2.014,40.344,-1.831
-0.177,0.935,0.432,-2.075,28.076,2.808
-0.144,0.929,0.464,-4.456,28.076,-1.526
-0.128,0.932,0.467,6.897,23.193,-9.583
-0.153,0.854,0.424,6.958,18.616,-11.963
-0.180,0.773,0.375,-3.296,9.094,-2.869
Sample End

0.265,1.768,0.971,-55.176,82.764,-51.453
0.291,2.305,1.018,-90.088,206.299,-152.222
-0.221,1.800,0.482,-40.344,289.001,-258.667
-0.592,0.154,-0.213,-43.213,224.731,-340.759
-0.382,-0.296,-0.298,-105.164,28.198,-228.638
-0.007,-0.681,-0.195,-131.226,-42.786,-123.535
-0.442,-1.857,-0.524,-115.234,-144.714,89.966
-1.001,-2.082,-0.258,-25.146,-264.221,384.216
-1.472,-0.451,0.503,124.634,-283.081,510.071
-1.491,1.369,1.046,229.370,-201.904,609.314
-0.404,3.733,1.813,-7.385,-150.330,400.818
-0.017,4.000,1.599,18.982,-57.983,102.478
-1.179,1.734,1.211,-3.906,88.562,-112.427
-1.327,1.167,0.758,-38.818,136.658,-130.493
-0.960,1.807,-0.070,-63.049,93.445,-160.706
-1.054,1.435,-0.746,-72.266,-16.846,-245.483
-1.062,0.738,-0.546,-97.412,-129.089,-257.324
-0.713,-0.317,0.359,-90.942,-264.282,-168.091
-0.057,-0.167,0.673,-1.831,-226.807,-57.983
-0.041,-0.185,0.460,42.358,-165.894,-31.433
-0.149,-0.404,0.583,85.999,-133.118,50.049
-0.141,0.026,1.143,68.054,-109.802,167.419
-0.024,0.383,1.412,30.090,-66.589,208.130
-0.174,0.653,1.339,-8.911,20.325,240.784
-0.252,0.942,1.375,-32.715,81.299,237.976
-0.496,1.090,1.120,-4.333,162.231,194.519
-0.643,0.979,0.981,-1.465,193.420,148.865
-0.879,0.950,0.721,-2.869,222.351,133.240
-0.938,1.083,0.438,-21.729,226.807,112.427
-0.993,1.116,0.212,-13.916,177.246,54.749
-0.950,0.968,0.072,-17.334,138.428,28.625
-0.845,0.878,0.067,-37.231,77.026,13.794
-0.749,0.821,0.157,-43.762,15.015,-1.709
-0.564,0.792,0.406,-37.292,-0.916,-16.907
-0.443,0.721,0.513,-35.278,-6.958,-33.752
-0.399,0.628,0.544,-31.067,-5.615,-36.682
-0.361,0.535,0.561,-20.081,-0.122,-32.349
-0.326,0.581,0.566,-8.240,3.052,-21.301
-0.321,0.642,0.562,-4.333,6.287,-13.855
-0.324,0.701,0.552,-2.930,7.690,-8.667
-0.314,0.738,0.568,-3.235,5.676,-7.141
-0.322,0.746,0.565,-3.357,6.165,-6.348
-0.331,0.732,0.548,2.075,6.348,-7.690
-0.339,0.712,0.540,4.639,6.897,-5.310
-0.332,0.720,0.538,3.296,5.798,-2.319
-0.323,0.772,0.557,4.089,3.357,-1.282
-0.297,0.799,0.583,-1.587,3.174,-2.441
-0.314,0.723,0.562,2.075,4.944,-6.165
-0.315,0.698,0.551,0.305,1.648,-3.296
-0.321,0.693,0.548,2.502,1.709,2.014
-0.309,0.719,0.579,2.197,-0.977,3.418
-0.304,0.743,0.574,0.854,1.587,5.005
-0.311,0.759,0.587,0.122,2.625,4.395
-0.329,0.737,0.579,3.235,4.517,2.258
-0.344,0.736,0.565,4.150,2.625,2.014
-0.348,0.730,0.564,5.249,2.625,4.211
-0.333,0.747,0.573,2.930,3.723,3.784
-0.324,0.758,0.587,-3.113,5.432,1.709
-0.336,0.728,0.587,-1.343,9.766,0.366
-0.338,0.723,0.575,0.610,9.949,1.038
Sample End

-1.237,-1.010,-0.003,-22.400,-328.308,413.818
-1.714,-0.375,0.734,65.002,-329.712,555.420
-2.047,0.564,1.316,213.501,-222.046,635.376
-1.072,2.736,1.774,96.375,-120.728,588.135
-0.417,3.922,1.598,72.144,-62.988,378.113
-0.641,3.257,1.297,58.228,-39.368,57.007
-1.267,1.673,0.857,-28.687,78.003,-83.130
-1.161,1.982,0.594,-96.680,86.365,-110.840
-0.979,2.493,0.638,-139.343,86.304,-254.883
-1.319,1.649,0.396,-158.569,113.403,-419.006
-1.573,0.564,-0.001,-131.592,82.153,-457.581
-1.045,-0.624,-0.122,-111.816,-40.771,-365.662
-0.432,-0.434,-0.040,-109.680,-89.661,-189.087
-0.182,0.277,-0.261,-52.124,-112.793,-154.785
-0.086,-0.003,-0.055,28.748,-165.344,-157.532
-0.068,-0.105,0.124,12.634,-207.214,-44.128
0.008,-0.222,0.510,-26.794,-206.177,48.950
-0.036,0.113,0.818,18.860,-157.898,158.813
-0.018,0.459,0.951,63.599,-110.168,204.773
-0.060,0.637,1.002,69.885,-96.436,223.083
-0.299,0.714,0.890,80.078,-33.569,244.446
-0.186,1.022,1.012,67.078,-10.071,245.239
-0.028,1.596,1.330,12.268,55.054,217.712
-0.151,1.542,1.186,21.240,120.300,119.080
-0.392,1.111,0.969,17.822,159.119,84.656
-0.697,1.000,0.600,21.484,201.660,61.035
-0.688,0.991,0.309,30.762,174.011,43.945
-0.541,1.175,0.235,6.165,123.169,30.151
-0.490,1.254,0.065,-21.973,82.825,-9.644
-0.495,1.037,0.072,-31.982,49.072,-39.246
-0.457,0.697,0.240,-47.424,8.057,-49.255
-0.327,0.611,0.428,-46.631,-11.902,-31.128
-0.193,0.663,0.590,-23.071,-15.198,-24.475
-0.152,0.656,0.616,-8.667,-8.118,-24.353
-0.150,0.669,0.594,2.319,1.709,-16.296
-0.154,0.734,0.574,-0.671,2.380,-6.714
-0.165,0.734,0.552,2.258,3.601,-4.211
-0.152,0.772,0.568,4.089,3.662,0.977
-0.155,0.807,0.545,3.418,7.324,5.371
-0.172,0.797,0.531,7.385,8.789,5.127
-0.172,0.833,0.517,7.568,5.737,4.639
-0.179,0.804,0.513,2.747,3.296,3.662
-0.185,0.801,0.522,1.160,-0.671,4.089
-0.167,0.829,0.557,3.540,0.549,3.235
-0.161,0.835,0.564,6.836,5.249,0.427
-0.176,0.815,0.557,4.517,12.573,-2.563
-0.202,0.774,0.545,3.113,17.639,-1.099
-0.193,0.791,0.517,-3.357,19.348,-0.916
-0.183,0.822,0.541,-7.385,5.066,5.371
-0.169,0.848,0.562,-11.353,2.380,3.906
-0.183,0.831,0.569,-10.437,0.671,-0.977
-0.189,0.807,0.561,-2.258,0.732,-4.822
-0.184,0.804,0.557,1.831,2.991,-5.127
-0.181,0.792,0.537,4.333,5.249,-3.723
-0.179,0.777,0.540,7.751,5.920,-3.235
-0.157,0.754,0.570,16.113,10.376,-0.977
-0.151,0.748,0.612,20.813,12.146,0.916
-0.131,0.811,0.657,5.066,19.043,10.925
-0.110,0.879,0.654,-1.099,22.461,12.939
-0.139,0.916,0.593,-1.160,27.100,2.563
Sample End

0.092,1.527,0.835,-31.677,101.990,-96.008
0.094,1.558,0.793,-58.655,131.287,-133.484
-0.077,1.166,0.583,-103.210,106.873,-218.384
-0.192,0.675,0.446,-80.994,92.224,-262.390
-0.014,0.127,0.272,-68.848,59.570,-235.718
0.199,-0.034,0.092,-44.800,27.588,-160.645
0.220,-0.190,-0.049,-19.165,0.061,-90.027
-0.168,-0.760,-0.605,-47.058,-78.796,4.395
-0.951,-1.324,-0.704,-104.431,-282.532,243.042
-1.273,-1.025,-0.096,-21.790,-350.098,521.362
-1.835,0.146,0.665,149.292,-277.893,590.088
-1.480,1.453,1.351,213.989,-178.406,586.731
-0.934,2.823,1.877,33.936,-145.081,466.797
-0.688,3.492,1.722,25.513,-87.463,191.101
-1.113,2.319,1.307,-28.687,7.690,-8.911
-1.452,1.084,0.830,-30.762,57.617,-58.350
-1.096,1.801,0.549,-53.467,91.980,-117.065
-0.945,2.313,0.459,-93.201,98.450,-253.906
-1.270,1.478,0.264,-102.600,84.839,-361.511
-1.371,-0.333,-0.097,-68.054,4.700,-380.127
-0.822,-0.727,-0.066,-53.467,-54.626,-277.161
-0.272,-0.157,0.110,-36.743,-83.191,-132.446
-0.195,0.159,0.064,70.862,-75.562,-75.623
-0.147,0.012,0.155,105.286,-87.830,-48.889
-0.296,-0.301,0.285,84.595,-132.507,41.321
-0.103,0.035,0.828,40.405,-163.025,172.607
0.018,0.528,1.249,29.480,-116.272,197.510
0.012,1.088,1.452,32.959,1.099,193.298
-0.086,1.156,1.374,38.269,47.485,149.292
-0.424,0.875,1.083,47.119,103.333,101.501
-0.756,0.497,0.623,34.119,131.226,105.652
-0.776,0.671,0.629,2.014,124.268,138.245
-0.601,1.549,0.874,-43.640,100.708,127.502
-0.561,1.833,0.981,-46.631,140.869,18.921
-0.887,1.264,0.325,-23.804,151.794,-62.195
-0.872,0.504,-0.078,-15.076,85.510,-96.375
-0.683,0.365,-0.023,-41.321,4.089,-37.720
-0.365,0.555,0.391,-64.209,-14.404,-17.456
-0.186,0.681,0.663,-22.644,-7.996,-32.410
-0.132,0.672,0.731,-5.188,18.433,-39.673
-0.225,0.584,0.589,-3.235,50.110,-30.090
-0.263,0.511,0.501,21.729,41.565,-18.738
-0.241,0.581,0.482,26.245,28.076,-8.545
-0.170,0.875,0.618,-4.028,17.517,12.939
-0.156,0.953,0.657,-20.935,22.522,8.606
-0.209,0.771,0.579,-17.273,19.958,-17.334
-0.217,0.619,0.582,-7.690,-0.305,-18.311
-0.189,0.629,0.585,0.916,-2.563,-3.540
-0.152,0.763,0.610,9.399,-0.854,4.578
-0.153,0.800,0.612,10.681,0.854,0.305
-0.198,0.754,0.587,-0.671,2.014,-0.122
-0.212,0.723,0.599,-4.761,-2.441,1.404
-0.204,0.719,0.616,-0.427,-2.136,1.526
-0.182,0.798,0.639,3.174,-0.610,3.357
-0.201,0.819,0.627,5.432,4.272,-2.686
-0.224,0.764,0.596,5.249,7.019,-4.944
-0.236,0.734,0.614,-4.517,5.432,-4.395
-0.216,0.723,0.626,-5.249,6.836,-1.099
-0.182,0.753,0.597,-0.793,12.390,0.977
-0.195,0.754,0.594,-1.526,6.653,2.747
Sample End

0.178,1.952,1.125,-108.643,19.592,-92.224
0.198,2.487,1.515,-175.598,77.271,-192.200
-0.499,2.016,1.581,-175.720,224.854,-398.437
-0.920,0.549,0.450,-88.806,320.190,-537.781
-0.815,-0.303,-0.433,-70.068,293.823,-497.620
-0.376,-0.971,-0.854,-31.738,161.682,-358.704
-0.034,-1.029,-0.754,-66.101,-16.968,-56.519
-0.202,-0.993,-0.731,-66.895,-149.475,108.521
-0.414,-0.716,-0.220,-26.367,-304.993,348.816
-0.818,-0.314,0.195,63.538,-352.783,531.555
-1.305,0.137,0.823,115.540,-311.401,580.139
-1.169,1.628,1.757,112.488,-212.524,514.893
-0.172,3.745,1.864,-35.339,-144.958,304.077
-0.239,3.429,1.668,-20.691,7.568,24.719
-0.839,1.967,0.982,-32.104,125.305,-121.277
-0.881,1.190,0.256,-42.358,118.774,-164.673
-0.586,1.376,-0.025,-41.626,33.020,-167.297
-0.545,1.297,-0.219,-63.538,7.751,-177.551
-0.515,0.733,-0.222,-62.073,-60.852,-212.830
-0.524,0.370,-0.228,-34.485,-140.564,-195.190
-0.194,0.103,0.016,-32.104,-197.815,-151.917
0.017,0.035,0.501,-11.230,-175.720,-69.397
-0.005,-0.286,0.564,41.504,-163.635,6.470
-0.110,-0.181,0.700,47.607,-168.518,90.332
0.107,0.651,1.361,46.814,-127.686,164.368
-0.133,0.823,1.191,39.856,-14.709,160.706
-0.250,0.522,0.810,53.955,10.193,172.974
-0.195,0.886,0.951,31.189,-3.540,184.082
-0.209,1.130,1.114,18.188,46.326,146.851
-0.252,1.162,1.119,0.549,86.914,120.544
-0.256,1.559,1.306,-49.866,157.898,75.684
-0.608,1.464,0.683,-26.123,240.295,-25.879
-0.807,1.041,0.130,2.075,222.534,-74.524
-0.732,0.646,-0.298,11.780,114.502,-63.232
-0.494,0.749,0.012,-37.476,26.733,-5.249
-0.228,0.971,0.320,-52.673,6.653,-0.610
-0.132,0.824,0.482,-23.132,6.653,-35.400
-0.152,0.602,0.444,4.456,13.916,-38.025
-0.128,0.511,0.376,10.315,14.343,-15.259
-0.063,0.703,0.419,9.094,0.793,5.005
-0.005,0.837,0.513,8.240,-6.409,5.493
0.001,0.916,0.598,-1.160,-4.883,-2.014
-0.062,0.815,0.572,-4.028,-1.343,-13.489
-0.063,0.763,0.572,-3.052,-3.052,-12.085
-0.045,0.783,0.613,-3.052,-4.883,-3.662
-0.039,0.817,0.595,0.549,0.671,-0.854
-0.044,0.849,0.571,2.686,3.662,-1.282
-0.063,0.829,0.544,1.892,5.920,-4.089
-0.063,0.826,0.537,-4.395,3.601,-5.493
-0.094,0.755,0.504,-1.404,3.357,-3.967
-0.080,0.761,0.501,0.488,-1.221,0.122
-0.071,0.770,0.508,1.953,0.732,3.479
-0.063,0.817,0.538,-0.122,0.427,5.737
-0.069,0.865,0.524,-1.648,3.418,3.723
-0.092,0.829,0.522,-8.484,2.502,-3.235
-0.078,0.842,0.543,-6.836,1.160,-1.099
-0.081,0.844,0.550,-8.911,1.953,-1.831
-0.066,0.861,0.552,-0.854,-0.366,-0.305
-0.070,0.853,0.557,3.601,-0.549,-1.648
-0.066,0.831,0.540,1.770,2.258,-1.892
Sample End

-1.419,0.592,1.121,235.596,-187.744,518.494
-1.025,1.887,1.440,158.447,-167.175,471.191
-0.256,3.609,1.886,-9.338,-94.788,248.474
-0.641,2.761,1.404,3.906,11.353,0.610
-1.023,1.694,1.086,-32.593,67.505,-106.201
-0.920,1.323,0.837,-66.467,95.703,-136.169
-0.651,1.457,0.776,-85.327,95.032,-181.091
-0.615,1.126,0.653,-66.772,100.647,-216.858
-0.572,0.499,0.322,-18.555,108.643,-234.009
-0.444,0.153,-0.106,30.762,78.857,-192.017
-0.328,0.196,-0.242,14.038,30.396,-137.268
-0.242,0.507,-0.296,-6.592,-37.903,-61.035
-0.154,0.580,-0.088,3.906,-108.459,-52.551
-0.119,0.360,0.205,-7.324,-165.222,-57.556
0.074,0.158,0.650,0.427,-218.750,12.146
0.108,-0.071,0.857,56.702,-163.391,74.219
-0.043,-0.145,0.884,84.778,-137.634,118.164
0.036,0.285,1.292,79.468,-127.014,173.828
0.090,0.709,1.555,8.728,-47.913,213.623
-0.055,0.999,1.574,-39.307,21.851,223.816
-0.243,1.371,1.348,-38.513,99.060,146.545
-0.440,1.243,1.115,-5.432,135.010,53.772
-0.724,1.024,0.642,21.484,169.006,17.151
-0.790,1.020,0.289,-6.531,140.564,12.939
-0.722,1.048,0.177,-23.010,97.534,6.226
-0.547,0.974,0.256,-38.330,37.476,-19.226
-0.419,0.832,0.370,-43.762,13.550,-42.236
-0.313,0.585,0.478,-37.842,3.723,-43.701
-0.215,0.499,0.540,-21.362,-0.488,-29.724
-0.150,0.564,0.581,-10.132,3.723,-19.409
-0.116,0.669,0.556,-0.977,11.597,-13.611
-0.120,0.700,0.500,3.540,12.634,-12.878
-0.148,0.676,0.497,0.854,5.188,-11.597
-0.157,0.656,0.583,-5.554,-7.019,0.244
-0.152,0.754,0.684,-5.981,-8.118,9.399
-0.163,0.834,0.697,-2.808,-2.686,5.127
-0.201,0.807,0.636,1.282,4.456,-1.770
-0.214,0.772,0.609,-1.953,2.991,-2.441
-0.203,0.745,0.588,-4.944,2.380,0.671
-0.202,0.723,0.567,-0.854,2.747,2.625
-0.193,0.750,0.565,1.831,0.427,4.089
-0.186,0.760,0.568,2.380,0.244,2.747
-0.177,0.736,0.575,0.610,-0.183,1.831
-0.160,0.727,0.584,-0.183,1.343,0.854
-0.157,0.712,0.580,-3.235,1.038,2.686
-0.167,0.732,0.609,-6.470,-4.517,6.348
-0.188,0.802,0.657,-6.287,-8.240,9.949
-0.211,0.847,0.660,-5.066,-3.845,6.042
-0.226,0.835,0.631,-5.249,-1.831,1.404
-0.231,0.791,0.589,-6.165,-0.916,-1.465
-0.213,0.773,0.556,-11.536,-3.174,-1.648
-0.224,0.754,0.552,-12.146,-5.249,-2.258
-0.174,0.772,0.524,-12.512,-5.493,-2.441
-0.190,0.757,0.571,-16.235,-6.104,-1.404
-0.199,0.774,0.575,-10.620,-2.014,1.221
-0.208,0.807,0.593,-4.883,-2.136,1.160
-0.206,0.812,0.596,2.441,1.404,-0.427
-0.206,0.811,0.603,5.676,3.540,-1.404
-0.201,0.809,0.587,11.230,8.484,-3.113
-0.185,0.793,0.578,14.709,13.306,-5.737
Sample End

-1.159,1.032,1.340,187.195,-193.787,437.805
-0.604,2.495,1.823,39.124,-156.982,380.066
-0.177,3.965,1.672,-45.044,-45.349,104.980
-0.644,2.703,1.284,9.766,60.608,-140.808
-1.035,0.921,0.497,-16.052,111.572,-178.040
-0.759,0.786,0.235,-59.021,60.486,-143.921
-0.483,1.024,0.325,-66.956,27.649,-115.784
-0.445,0.903,0.124,-38.025,21.118,-143.677
-0.577,0.493,-0.262,2.563,-37.781,-167.786
-0.443,0.178,-0.031,8.240,-142.273,-116.760
-0.103,0.165,0.256,-1.221,-158.936,-51.575
-0.031,0.047,0.636,11.353,-137.085,-2.075
0.061,0.072,0.839,69.214,-102.844,42.480
0.157,0.378,1.103,75.256,-70.801,69.580
0.128,0.557,1.176,56.091,-13.794,93.262
0.055,0.673,1.188,20.569,22.278,109.009
-0.116,0.720,0.976,2.441,71.106,118.774
-0.219,0.744,0.873,-1.648,89.783,114.380
-0.321,1.214,0.867,-7.263,94.543,100.037
-0.461,1.381,0.651,2.014,117.859,39.185
-0.564,1.245,0.429,-2.686,117.798,0.793
-0.628,1.000,0.187,-8.545,79.712,-29.968
-0.507,0.909,0.273,-28.687,26.306,-28.381
-0.368,0.898,0.423,-36.804,9.338,-27.405
-0.252,0.767,0.515,-20.447,5.249,-41.626
-0.169,0.579,0.515,-1.648,11.963,-48.340
-0.152,0.500,0.495,0.488,10.620,-36.194
-0.106,0.602,0.483,-1.831,6.348,-9.033
-0.055,0.760,0.557,-1.038,-1.831,-0.793
-0.051,0.831,0.583,-2.869,-1.770,-1.160
-0.085,0.804,0.581,-0.610,1.282,-6.958
-0.100,0.750,0.576,0.061,0.488,-7.202
-0.084,0.779,0.605,-2.075,-0.671,-2.014
-0.069,0.818,0.607,0.427,3.906,0.427
-0.079,0.776,0.566,5.676,9.949,-3.784
-0.092,0.754,0.541,3.479,11.292,-3.357
-0.114,0.717,0.525,-3.113,2.930,3.418
-0.108,0.772,0.554,-4.211,-2.319,11.780
-0.109,0.788,0.567,-3.906,-1.831,13.000
-0.140,0.793,0.557,-4.822,-2.930,10.986
-0.166,0.757,0.539,-4.333,-5.066,13.184
-0.184,0.759,0.525,-2.808,-8.606,22.095
-0.161,0.793,0.516,-1.648,-15.686,27.100
-0.156,0.849,0.559,-4.700,-18.311,22.766
-0.161,0.856,0.603,-9.338,-14.099,14.343
-0.175,0.820,0.607,-5.249,-9.521,11.169
-0.177,0.797,0.594,2.014,-4.211,7.446
-0.174,0.820,0.581,5.493,0.549,5.310
-0.180,0.838,0.582,5.005,2.197,3.662
-0.186,0.834,0.565,3.662,5.371,-0.549
-0.190,0.811,0.549,3.052,6.348,-2.930
-0.199,0.809,0.531,-0.366,7.629,-5.737
-0.193,0.764,0.523,1.587,3.174,-5.066
-0.181,0.771,0.549,3.662,-0.427,-2.869
-0.164,0.785,0.574,5.554,1.282,-2.075
-0.162,0.787,0.568,3.540,1.709,-2.747
-0.162,0.790,0.572,0.916,2.014,-2.197
-0.172,0.793,0.568,-0.610,2.014,-0.854
-0.167,0.802,0.575,0.427,1.099,-0.488
-0.168,0.802,0.573,0.916,1.160,-0.366
Sample End
