-41.93,33.16,69.81,2.74,30.98,83.63,-25.12,-42.74,-10.83,-9.55,80.63,-15.15,-63.87,-12.27,-9.39,79.59,-17.05,-72.89,-17.56,-9.25,
-33.68,35.52,65.77,4.39,40.27,74.01,-22.97,-40.17,-23.66,-18.65,71.29,-20.16,-63.30,-30.22,-18.65,69.79,-26.26,-77.20,-34.46,-15.89,
-34.51,21.87,73.81,2.32,37.08,59.23,-21.81,-25.93,-75.22,-19.19,66.54,-39.19,-66.19,-23.31,-21.95,75.04,-27.83,-71.24,-39.24,-13.54,
-14.58,22.14,42.11,-9.05,34.81,61.71,-23.48,-38.55,-16.74,-19.48,64.61,-18.49,-63.19,-19.47,-20.71,60.32,-19.81,-76.52,-18.55,-10.17,
-41.12,16.91,73.52,-15.48,40.65,63.94,-26.02,-44.99,-32.80,-11.90,65.82,-19.79,-74.63,-36.09,-18.89,62.33,-18.11,-86.72,-37.50,-16.20,
-45.05,12.96,70.85,-16.05,40.54,53.37,-30.61,-44.35,-23.52,-20.38,54.23,-24.80,-67.04,-31.50,-20.35,49.88,-29.48,-83.99,-26.11,-10.84,
-35.18,18.87,64.64,-1.70,30.48,64.52,-23.09,-42.87,-22.68,-15.84,62.47,-15.09,-63.55,-28.18,-20.87,53.40,-23.69,-79.85,-22.11,-3.63,
-24.30,21.66,73.93,-14.81,27.70,61.80,-25.65,-54.98,-9.14,-8.61,59.55,-15.75,-74.46,-12.45,-14.60,52.86,-28.47,-110.42,-1.49,6.60,
-42.11,23.57,73.62,-4.62,30.64,68.04,-30.81,-42.93,-22.43,-15.95,66.51,-28.15,-65.38,-27.31,-15.21,63.60,-33.94,-75.64,-24.42,-3.56,
-47.03,14.39,67.56,-15.57,31.54,67.58,-14.58,-45.75,-21.68,-13.65,67.13,-10.95,-68.00,-33.57,-21.77,61.03,-18.09,-83.63,-26.25,-8.33,
-27.15,23.97,59.19,-6.96,25.85,51.72,-23.23,-45.84,-10.22,-11.71,50.78,-22.50,-67.87,-11.29,-4.95,55.53,-14.00,-89.07,-12.90,-9.89,
-31.93,27.61,66.89,8.17,29.13,51.47,-19.55,-47.30,-23.65,-12.83,51.10,-17.27,-68.14,-30.81,-19.98,50.68,-22.69,-86.17,-23.61,1.22,
-31.05,22.39,67.93,-3.10,28.63,65.39,-30.25,-45.03,-12.17,-13.80,69.27,-24.46,-69.99,-18.52,-12.94,54.87,-22.47,-89.11,-11.49,7.15,
-29.96,10.49,76.75,-4.76,27.91,55.98,-29.42,-41.87,-10.10,-20.45,56.36,-27.76,-64.30,-21.00,-20.59,53.94,-15.37,-78.92,-21.37,-7.54,
-39.60,9.31,74.00,-25.91,33.00,48.67,-31.22,-41.83,22.46,-15.33,49.34,-20.60,-25.14,-47.72,-14.28,44.96,-23.06,-47.57,-59.63,-9.35,
-48.73,9.83,78.24,-11.79,32.66,61.43,-30.69,-34.41,-22.70,-20.10,54.00,-26.20,-59.03,-19.69,-21.67,51.65,-21.56,-73.79,-16.25,-1.04,
-42.56,18.23,74.57,-7.01,24.97,63.47,-21.80,-54.10,-14.76,-12.56,60.07,-23.73,-72.42,-23.76,-12.70,57.73,-12.90,-85.61,-19.41,0.50,
-28.22,9.19,77.78,-28.65,30.58,51.76,-28.87,-17.69,-39.80,-15.38,50.36,-23.29,-21.77,-42.19,-11.04,46.01,-12.06,7.62,-6.56,-1.34,
-42.91,9.32,60.15,-26.19,26.09,58.56,-16.28,-37.88,-8.13,-11.52,60.15,-13.17,-57.24,-18.74,-21.55,55.18,-24.12,-68.51,-16.31,-4.70,
-22.41,26.19,92.36,21.28,21.43,68.33,-10.70,-14.42,-1.78,-9.58,64.56,-16.03,-29.65,-0.53,-11.92,62.33,-2.50,-43.43,-1.27,8.36,
-31.25,22.79,70.38,0.40,31.84,60.58,-24.21,-37.30,-11.45,-13.77,57.61,-16.01,-58.49,-24.07,-17.66,53.30,-14.32,-73.53,-26.08,-14.77,
-23.83,12.78,77.94,-1.36,28.13,45.73,-15.83,-25.18,-2.26,-19.30,45.95,-19.63,-48.68,-6.24,-18.56,42.84,-15.51,-68.04,-19.80,-12.85,
-27.17,19.10,70.15,6.99,33.62,44.02,-16.55,-26.87,38.46,-19.95,44.66,-14.97,3.48,-26.19,-19.82,41.55,-14.38,2.58,-12.04,-14.94,
-37.82,20.28,71.53,8.19,24.40,61.81,-19.41,-38.15,2.33,-13.28,73.26,-28.44,-62.98,-25.43,-2.47,68.01,-4.40,-79.26,-37.39,-22.29,
-29.44,29.08,64.68,-2.26,18.29,75.21,-19.65,-55.88,-14.81,-9.27,72.56,-23.52,-77.16,-18.50,-9.20,68.89,-27.88,-84.33,-18.79,-1.11,
-33.72,36.33,66.98,9.41,19.09,56.51,-6.90,-56.76,-9.24,-7.91,67.27,-10.96,-81.96,-9.36,-9.50,66.11,-14.38,-83.29,-16.42,-7.07,
-33.39,39.59,55.29,24.68,20.68,56.85,-23.70,-42.47,-12.41,-10.82,66.58,-17.55,-59.01,-16.61,-19.35,61.41,-12.50,-72.31,-21.19,-6.60,
-27.65,28.51,55.92,17.65,29.12,50.98,-22.18,-44.35,-7.92,-5.96,47.92,-16.06,-65.52,-13.44,-12.12,46.60,-18.29,-74.05,-13.92,-5.33,
-31.89,17.93,71.64,2.28,29.60,43.55,-15.57,-30.18,-7.73,-16.52,46.40,-18.50,-59.11,-14.65,-20.70,43.17,-14.52,-64.82,-11.50,-12.80,
-19.66,21.37,63.80,3.76,23.90,51.64,-20.09,-45.72,-24.04,-13.18,52.64,-8.27,-70.88,-32.37,-21.15,50.19,-16.98,-75.08,-27.21,-4.54,
-30.18,26.79,70.44,1.19,24.26,65.86,-27.91,-36.51,-13.77,-12.35,68.29,-21.89,-59.60,-24.96,-21.11,60.83,-12.17,-69.80,-24.57,-11.03,
-34.68,29.87,69.76,3.11,22.91,53.82,-13.18,-60.75,-14.80,-2.21,53.51,-3.05,-79.60,-15.58,-11.96,50.74,-13.54,-90.18,-15.37,-1.98,
-21.78,25.22,68.79,11.18,26.83,55.54,-25.61,-52.47,-28.63,-14.99,56.75,-18.62,-71.34,-21.54,-25.34,52.81,-19.47,-79.37,-17.91,-8.55,
-37.43,32.43,70.07,-3.28,39.28,70.56,-29.74,-52.78,-14.94,-11.06,72.40,-15.55,-78.03,-18.81,-12.14,65.89,-11.62,-88.34,-17.54,-12.14,
-39.32,12.13,70.22,-17.92,39.46,68.25,-28.02,-45.11,-21.93,-14.76,65.33,-17.03,-71.77,-14.48,-16.31,63.17,-19.19,-78.46,-13.83,-16.91,
-24.28,19.89,59.89,-10.85,37.67,54.60,-24.87,-47.90,-11.06,-11.94,52.65,-3.11,-67.47,-14.28,-17.22,48.85,-6.27,-80.01,-15.37,-15.95,
-36.88,15.43,71.78,-18.17,40.00,45.55,-24.74,-68.43,-31.03,-12.50,47.89,-17.95,-65.37,-11.91,-14.59,46.13,-22.41,-79.35,-22.55,-11.57,
-37.78,19.74,69.29,-4.22,38.90,43.19,-15.07,-44.98,-21.41,-13.08,45.39,-12.63,-70.72,-23.84,-18.00,41.61,-18.23,-84.31,-22.06,-13.65,
-41.07,14.19,70.61,-6.44,37.59,42.58,-24.85,-46.94,-2.11,-19.52,47.48,-23.69,-68.64,-8.51,-17.10,45.48,-19.26,-83.42,-7.59,-12.92,
-33.59,12.76,66.00,-7.25,33.69,47.07,-20.23,-55.99,-16.13,-11.36,46.81,-18.86,-77.88,-22.16,-16.72,45.22,-19.83,-90.71,-22.03,-12.36,
-32.01,24.79,63.46,11.12,32.83,51.08,-29.25,-54.47,-10.21,-19.19,54.07,-22.23,-69.08,-16.94,-23.98,54.47,-29.06,-83.23,-19.46,-13.91,
-30.57,12.87,57.26,-1.08,38.19,52.34,-14.07,-55.11,-25.93,-11.54,54.66,-10.81,-70.80,-39.88,-20.33,50.40,-15.42,-86.16,-31.08,-13.24,
-34.83,6.73,59.52,-7.83,30.95,39.65,-16.99,-36.86,-6.06,-12.33,42.18,-27.05,-61.14,-22.50,-15.30,40.76,-22.92,-89.87,-45.06,-12.51,