47.24,-3.24,-69.64,1.54,10.09,53.64,5.35,-68.44,-41.99,-13.43,56.48,0.56,-93.06,-5.22,2.34,51.41,-0.48,-68.16,-12.84,7.70,
40.76,-3.84,-7.63,-3.17,-1.41,46.57,-12.92,-74.82,-14.85,-15.78,51.48,-10.24,-72.69,-9.28,-3.12,47.64,-13.63,-95.03,-60.13,1.65,
38.75,-4.78,3.95,4.32,-17.50,46.76,12.95,-81.95,-48.02,-2.76,51.51,-14.23,-80.54,9.94,6.47,39.47,-11.27,-69.87,-5.72,8.41,
26.79,13.58,-5.82,-25.04,-9.79,35.54,6.19,-44.95,-40.49,5.55,36.63,-7.36,-51.91,21.55,9.47,27.93,-1.50,-13.41,13.59,6.06,
32.43,1.74,-29.77,-54.44,-8.38,37.54,-0.31,-67.74,-9.75,-12.25,40.95,-16.47,-80.93,9.26,3.80,36.26,12.31,-67.77,28.68,-3.49,
52.63,-3.36,14.27,-22.75,-23.08,50.14,5.98,16.48,-15.51,-8.66,55.12,-2.20,-39.52,-13.65,-1.45,44.03,12.60,-39.64,-31.35,7.65,
17.39,-1.13,7.39,-29.16,-18.14,21.90,4.76,20.62,-27.92,-6.19,22.37,5.50,-30.52,-20.80,-6.13,18.63,-4.56,7.69,-7.69,-8.90,
32.91,-2.62,-41.63,-50.81,-13.34,41.05,-6.40,-80.61,-87.99,-1.77,43.24,-12.41,-81.46,-24.03,6.75,32.13,-8.50,-83.16,-12.94,8.39,
35.74,-1.11,-41.67,-61.73,-4.73,32.08,9.55,-64.64,-56.04,-13.58,34.95,-18.63,-74.02,-16.98,-6.69,25.49,-1.99,-70.25,-16.55,-8.03,
35.62,1.39,-32.72,-72.76,-7.89,33.36,-15.18,-35.85,-26.77,0.97,32.62,-10.99,-71.74,-22.20,0.12,24.81,16.84,-60.63,-14.60,-12.12,
30.06,-14.47,-49.26,-78.82,-17.65,29.64,-16.40,-65.36,-24.95,-1.26,37.79,-7.09,-84.52,-33.11,-1.82,39.01,-9.47,-80.06,-92.12,-11.54,
31.75,-9.26,-58.52,-24.91,-21.78,16.68,-28.16,-61.12,-25.90,-8.59,33.08,-17.87,-85.11,-13.49,-12.55,21.81,3.60,-81.62,-25.73,-5.12,
33.18,11.35,-13.63,-21.96,-17.88,29.01,12.38,-59.78,-27.34,-10.89,29.71,-8.84,-76.50,-22.09,-1.40,24.27,-4.80,-74.27,-22.37,-4.56,
25.62,-0.90,-23.20,-27.23,-15.25,25.72,-6.73,-67.82,-36.95,1.86,35.65,-11.31,-97.57,-38.20,1.56,41.50,-13.95,-76.65,-14.14,-20.93,
29.74,1.35,18.01,-14.21,-12.15,26.97,-7.92,30.54,-24.30,-11.69,24.72,-0.38,-61.62,-25.38,-9.69,22.59,8.75,13.27,-14.16,-2.09,
29.12,13.34,20.90,-24.29,-9.04,35.24,-4.47,-2.00,-43.14,4.49,33.37,-11.61,-69.20,-32.55,7.29,23.99,-13.12,-53.32,-37.08,4.62,
23.75,16.74,-10.55,-63.48,-21.44,24.93,-0.18,-35.86,-38.89,-4.47,26.78,-4.17,-70.87,-11.88,-6.20,25.70,12.58,-10.56,-12.75,-3.02,
23.33,2.42,-42.31,-50.76,-7.53,25.00,-8.90,-74.28,-16.11,1.24,29.28,-16.66,-85.66,-25.06,5.66,21.50,-3.04,-75.12,-20.63,-4.38,
37.04,4.51,-43.04,-12.90,-13.07,31.97,0.73,-68.51,-16.63,-11.72,35.28,-17.92,-90.28,-17.99,0.76,23.73,-2.33,-92.60,-14.01,7.23,
26.12,-4.91,-1.29,-31.65,-11.33,32.87,-5.11,-70.04,-96.20,-1.96,33.47,-14.51,-85.93,-18.83,4.16,32.01,7.57,-111.55,-23.18,1.27,
27.07,2.24,0.30,-7.91,-16.68,24.41,14.67,-99.47,-24.97,7.50,27.83,0.87,-94.42,-59.49,14.80,14.98,12.61,-77.41,-68.15,3.43,
34.30,-3.65,-42.79,-73.74,-19.07,31.10,-3.71,-69.63,-10.11,-2.07,33.79,-18.87,-74.98,43.79,-3.33,31.19,-7.77,-77.63,-43.87,-0.58,
12.38,-15.27,-37.87,-22.04,0.95,23.24,-10.58,-128.84,-34.65,-8.42,26.54,-20.82,-88.26,-10.61,4.58,21.14,-24.18,-124.91,-46.74,-5.22,
36.10,5.40,-49.45,-13.75,-12.64,36.78,3.95,-88.76,-83.12,-11.30,35.75,-10.24,-94.31,-38.90,-10.01,30.64,4.65,-91.10,-71.36,-13.34,
29.64,-14.89,13.55,-37.83,-4.50,25.59,-16.54,22.96,-9.63,13.62,33.19,-7.37,-62.86,-24.98,8.62,24.13,-13.42,-26.12,-42.98,-0.06,
27.04,-14.57,-5.66,-67.42,-10.61,30.92,3.28,-63.29,-13.10,-10.80,34.73,-13.90,-75.19,-12.00,-8.06,32.44,-5.74,-74.52,-88.08,-19.19,
27.23,1.29,0.02,-46.03,-18.21,34.60,-19.54,-3.91,-10.39,-14.87,38.99,-6.92,-29.28,-12.18,-17.44,34.91,0.69,-22.74,-10.34,-21.30,
25.35,4.16,-27.45,-59.21,-17.46,28.33,-7.84,-43.15,0.33,-0.44,36.06,-14.28,-72.39,-20.04,-6.60,33.07,-3.85,-63.10,-21.39,-3.24,
57.04,2.90,19.70,-13.19,2.10,55.52,-4.23,-71.48,-17.57,8.99,57.47,-10.46,-82.38,-14.32,14.07,49.93,-16.38,-78.18,-21.06,16.38,
32.34,-21.37,-25.42,-38.93,-3.37,30.30,-11.53,-79.48,-88.95,-4.36,30.05,-7.13,-88.16,3.46,1.44,27.45,5.03,-89.31,-6.44,12.40,
42.83,20.02,-53.44,-78.88,-13.08,43.82,-1.02,-65.97,-5.60,-5.21,35.60,-10.95,-95.00,-10.07,-1.63,29.45,-6.09,-84.21,0.09,6.49,
27.13,-1.34,-35.05,-51.96,-17.47,18.26,-11.04,-72.36,-7.77,1.92,24.64,-16.63,-86.94,11.68,1.00,16.50,-10.96,-67.24,24.81,-5.24,
20.47,-3.47,-24.61,-7.43,-4.88,24.27,1.48,-63.03,-80.04,-13.20,29.47,-20.84,-82.25,-12.92,6.60,27.28,-15.48,-64.39,-1.25,12.10,
16.02,-6.76,-31.94,-58.22,-4.34,25.27,-14.33,-75.71,-14.82,-2.17,26.80,-20.37,-101.10,-21.78,-0.95,23.48,-3.80,-75.54,-1.14,-6.52,
26.38,5.24,-31.92,-54.39,-8.76,21.41,-3.79,-78.70,-90.05,-3.14,27.08,-15.72,-111.49,-11.29,-0.52,23.38,5.55,-105.50,3.51,0.49,