-47.48,13.64,54.57,-10.56,20.27,-62.34,6.25,72.57,-12.79,24.24,-55.53,18.49,56.42,-17.21,24.35,-55.84,0.89,63.69,-23.10,24.86,
-59.75,14.74,81.97,-16.41,33.07,-75.53,1.60,88.01,-13.67,24.34,-71.04,19.16,74.49,-16.20,28.31,-72.62,-7.92,81.64,-25.45,29.50,
-64.40,12.14,78.90,-19.97,29.91,-79.66,2.18,91.39,-14.53,22.95,-74.80,20.75,66.94,-16.06,28.18,-77.23,-5.00,83.41,-23.19,28.74,
-61.36,14.17,81.77,-14.76,28.07,-74.57,9.32,82.83,-11.02,21.14,-69.34,27.43,75.06,-10.89,24.33,-74.25,4.66,83.27,-17.71,25.33,
-58.42,6.59,81.22,-18.02,32.08,-67.66,3.74,81.04,-8.09,24.35,-64.89,20.81,75.09,-9.10,30.58,-67.39,-2.07,81.52,-20.31,28.78,
-32.19,0.83,74.20,-17.13,20.48,-60.70,-0.41,76.24,-12.24,21.33,-56.49,16.03,66.07,-10.98,26.23,-59.92,-3.87,76.96,-20.00,25.52,
-39.54,-1.10,81.13,-15.55,22.34,-57.53,-4.27,90.52,-7.60,22.66,-55.03,13.92,72.08,-12.97,29.55,-56.70,-9.88,86.61,-21.63,26.25,
-55.65,3.69,76.57,-7.81,26.02,-67.08,-3.81,74.51,-25.75,20.24,-62.79,11.86,62.46,-27.01,25.85,-63.21,-7.98,64.60,-31.58,23.60,
-44.04,14.70,80.50,-13.26,28.17,-63.71,3.71,89.63,-5.08,19.31,-61.38,21.08,67.82,-2.10,25.38,-63.01,-3.63,80.37,-10.74,24.30,
-45.89,4.55,91.15,-16.83,24.50,-65.09,-0.28,89.36,-15.10,19.92,-62.04,14.94,70.11,-17.30,28.41,-63.14,-7.91,82.29,-25.22,24.17,
-51.61,3.76,93.60,-12.52,21.19,-67.47,0.60,85.80,-14.63,16.81,-62.41,22.34,83.68,-13.38,20.78,-63.48,-2.59,79.18,-22.52,18.54,
-50.53,7.38,84.03,-15.85,24.58,-60.46,2.77,89.05,-10.89,19.56,-58.18,20.43,71.92,-11.64,27.06,-59.71,-4.48,83.72,-20.39,24.83,
-46.89,1.46,81.00,-16.23,19.53,-64.35,2.70,83.18,-11.91,22.37,-63.58,16.93,68.37,-15.44,26.87,-64.66,5.35,78.60,-19.23,26.60,
-38.02,-4.15,88.11,-24.38,17.29,-57.57,0.41,85.93,-14.30,17.56,-57.15,8.52,76.15,-13.71,25.56,-55.08,-6.04,79.56,-19.43,16.91,
-41.59,0.54,85.81,-20.16,21.87,-60.70,4.25,92.61,-11.74,20.02,-59.12,23.53,77.81,-13.76,27.90,-59.73,-0.60,82.62,-20.49,19.67,
-53.24,-2.63,78.93,-26.18,30.34,-61.36,2.40,84.00,-18.92,29.87,-58.64,14.62,76.95,-19.88,35.93,-60.68,-1.85,79.60,-26.45,31.83,
-33.83,-1.81,95.13,-25.96,20.46,-42.61,0.95,91.11,-14.26,19.15,-40.68,16.94,71.02,-19.69,23.86,-43.12,-7.16,84.72,-26.81,20.82,
-40.08,-3.88,81.95,-26.88,22.29,-56.84,-7.14,87.61,-22.57,21.78,-55.32,11.74,82.08,-24.46,30.92,-55.79,-9.50,79.84,-31.50,25.53,
-47.57,0.82,72.35,-19.54,25.94,-59.74,-1.25,89.51,-19.23,24.49,-58.76,17.25,70.03,-24.81,34.80,-59.73,-5.60,79.79,-27.65,21.86,
-79.82,-3.61,81.92,-18.51,28.51,-88.95,-8.98,87.75,-18.44,24.38,-87.79,9.97,82.28,-23.62,35.36,-86.13,-18.04,82.69,-25.69,29.24,
-52.65,-0.14,71.24,-15.54,15.41,-86.66,-4.72,86.62,-15.33,22.40,-86.16,16.04,63.29,-18.29,30.40,-83.86,-10.59,76.70,-25.00,24.30,
-64.32,11.70,73.88,-13.58,27.62,-76.10,2.59,84.71,-11.64,18.93,-74.07,20.77,67.22,-17.24,24.22,-77.28,-4.64,79.82,-25.20,26.67,
-58.25,-0.20,75.64,-20.50,19.16,-86.59,-0.28,90.94,-7.72,18.01,-83.50,17.95,67.28,-11.93,25.05,-84.75,-6.97,82.43,-20.48,24.05,
-51.27,1.32,74.47,-17.66,19.65,-58.01,-4.72,88.66,-15.25,14.53,-56.79,11.90,74.15,-18.73,21.80,-57.95,-12.66,80.69,-27.47,19.63,
-64.16,4.31,74.65,-27.72,26.81,-68.87,-2.43,89.05,-14.18,17.49,-65.53,14.17,63.92,-10.87,20.65,-65.80,-12.92,75.49,-22.14,22.16,
-62.04,1.07,81.31,-13.03,19.73,-69.39,2.80,92.48,-13.09,14.96,-67.63,21.27,71.17,-13.23,18.70,-70.76,-7.43,88.12,-23.53,17.68,
-46.08,6.35,88.67,-13.38,23.57,-55.31,4.56,85.44,-7.95,17.18,-53.22,21.47,76.33,-5.13,20.73,-55.41,-3.89,82.70,-15.60,19.83,
-56.15,-3.03,87.23,-9.15,21.05,-64.23,-0.04,87.36,-8.38,14.57,-63.12,16.12,77.32,-6.55,21.05,-64.40,-9.18,85.94,-15.87,16.39,
-49.05,3.66,84.88,-11.64,27.89,-57.49,6.76,88.06,0.47,22.88,-56.04,25.82,82.91,-7.57,31.00,-56.66,-3.46,83.28,-16.85,21.48,
-56.23,4.28,84.75,-15.43,29.06,-62.98,2.75,97.61,-12.67,24.01,-62.15,22.09,76.78,-12.63,29.15,-62.96,-7.38,90.78,-22.47,26.17,
-49.21,7.09,89.52,-6.95,29.09,-56.03,15.43,87.73,-2.99,20.41,-53.55,33.35,74.46,-0.03,26.29,-55.83,4.62,84.55,-11.92,21.40,
-50.16,10.35,81.81,-14.66,20.84,-58.94,12.02,91.84,0.33,14.86,-57.19,29.33,72.69,-6.40,21.58,-58.90,3.39,91.46,-12.38,18.03,
-50.07,8.94,80.07,-15.63,26.24,-58.26,15.45,92.11,-5.18,23.84,-57.17,32.63,74.99,-4.83,30.66,-58.33,6.08,92.90,-10.97,22.90,
-52.30,6.11,76.53,-19.18,33.70,-56.48,15.01,97.66,-9.11,27.94,-53.14,30.84,75.50,-9.17,32.74,-55.11,5.54,91.87,-17.42,29.74,
-60.53,4.81,69.64,-19.12,21.32,-65.88,4.38,93.02,-11.61,18.99,-64.33,22.06,78.09,-13.00,23.78,-64.32,-1.07,87.01,-18.36,21.07,
-50.98,3.69,49.41,-14.72,14.58,-63.01,4.65,71.86,-9.91,16.22,-58.75,21.49,55.42,-13.34,19.04,-61.26,6.72,69.32,-18.25,19.43,
-57.72,3.38,78.05,-11.60,20.76,-66.81,6.07,85.57,-12.83,17.51,-64.97,22.26,76.72,-13.55,24.90,-65.55,-0.01,82.06,-23.87,20.50,
-54.38,11.13,91.03,-12.86,19.72,-63.10,9.48,91.14,-9.25,16.21,-61.16,25.77,90.18,-11.34,23.28,-61.66,1.00,83.65,-16.24,18.71,
-53.62,-2.17,81.21,-25.15,23.00,-60.66,1.36,91.36,-6.68,17.54,-58.88,19.44,84.48,-5.92,24.58,-57.34,-7.19,83.28,-15.15,15.05,