28.99,-8.38,6.75,-4.15,25.29,19.96,3.19,-4.16,-21.98,8.02,18.94,-3.68,-4.88,-8.98,13.48,24.40,-8.33,-14.56,-21.30,1.15,
8.69,1.16,-6.98,0.47,7.80,4.76,6.64,3.08,35.45,6.16,-0.69,7.43,29.54,8.95,8.50,3.80,2.11,-8.64,6.55,0.31,
6.82,-7.15,13.13,-6.04,19.56,-4.23,12.09,18.57,3.77,7.99,2.89,3.55,16.69,-10.96,8.98,8.46,-7.14,1.54,-30.37,-1.65,
18.08,-9.27,10.74,-17.21,19.85,6.27,4.59,17.74,11.72,9.37,10.64,-0.66,7.19,-5.29,11.53,8.55,-4.12,7.99,3.49,-0.64,
23.66,-14.19,-0.64,-10.48,25.91,9.85,-5.55,0.13,-5.92,10.70,15.53,-4.88,-9.86,-2.49,12.88,15.96,-12.12,-9.45,-22.68,0.88,
35.24,-9.33,-7.84,-4.27,29.31,27.66,-6.79,-24.10,-8.40,11.13,38.79,-24.20,-40.09,-23.69,15.54,32.88,-21.85,-27.96,-22.72,-0.49,
35.17,-10.99,-8.54,-2.26,23.68,18.31,1.02,-11.38,10.37,13.02,24.14,-9.49,-12.61,-3.61,15.07,22.94,-11.42,-5.89,-19.85,1.68,
25.38,-11.20,-14.13,-19.93,20.40,12.24,-4.60,-2.66,9.68,9.39,12.18,-1.98,5.40,-2.91,10.74,4.78,-4.70,8.68,-0.41,3.52,
29.74,-11.73,11.70,9.78,29.22,6.85,-0.71,-0.84,6.14,13.94,22.81,-3.70,-16.58,-0.54,8.46,20.39,-12.35,-14.19,-10.51,-0.26,
7.59,-5.88,4.79,-21.04,9.35,-4.17,0.49,21.30,4.11,3.47,-1.79,2.85,17.12,5.03,6.04,-1.67,-3.16,-0.52,-7.82,2.37,
16.71,-1.63,7.58,28.96,14.11,1.84,1.57,4.24,13.89,5.49,-0.34,3.50,7.86,-1.58,3.33,-1.30,-10.70,7.24,-16.31,-1.41,
4.45,-5.07,28.10,8.63,19.30,-11.64,3.29,27.00,6.25,0.96,-16.49,6.50,24.93,3.99,2.16,-19.34,-11.40,32.96,-21.37,-4.82,
9.87,-2.76,-38.43,3.71,8.17,2.48,-2.20,23.68,-35.59,6.73,4.06,2.58,24.57,-17.86,6.47,-0.61,-4.33,11.17,-30.02,1.77,
11.14,-4.66,20.37,16.31,24.14,7.98,-6.75,0.17,-1.68,6.22,11.58,-6.63,-1.54,-14.04,6.30,12.46,-18.95,-3.99,-30.70,-6.61,
10.65,-2.35,-0.63,-4.51,14.25,17.24,-0.28,-2.74,-1.21,8.10,16.16,-0.16,-4.99,-1.14,7.50,9.13,-13.49,-1.12,-15.43,-6.50,
13.24,-0.74,-25.87,2.51,17.52,5.67,-3.66,7.18,9.75,7.38,2.84,5.27,10.07,11.23,5.54,-5.38,-2.51,15.05,10.96,-0.61,
4.44,-1.45,45.18,41.36,12.32,11.81,-7.82,15.57,-0.10,4.81,15.15,0.97,13.75,-12.06,7.96,5.50,-2.04,16.74,1.56,-3.48,
9.33,0.68,18.55,-4.49,15.06,4.36,1.57,14.22,12.48,6.04,4.74,2.67,17.28,-9.69,5.61,-3.39,-4.35,14.31,-16.84,-2.37,
11.97,0.36,37.58,35.63,22.16,13.83,4.05,-4.76,12.88,8.76,13.91,-0.71,-1.47,-1.49,7.37,6.02,-6.01,7.43,-16.70,-3.31,
10.65,-4.46,18.72,8.04,26.19,10.93,-2.14,-7.13,12.62,8.48,15.26,-7.35,-6.23,-9.45,8.65,11.56,-15.93,-4.52,-32.84,-3.96,
18.79,7.02,13.81,10.05,24.54,11.83,8.57,-8.38,13.75,11.47,15.42,-3.15,-8.36,-2.10,13.58,13.26,-6.86,-2.77,-6.20,-3.55,
9.18,-11.74,22.69,-29.14,19.66,14.95,-4.49,5.60,13.44,7.85,8.83,0.31,5.04,10.39,10.11,6.14,-10.17,25.53,-1.36,2.92,
3.17,-4.11,39.38,2.15,15.68,3.42,3.55,50.71,6.18,11.66,-0.05,2.35,45.60,-35.31,10.51,-3.90,-4.28,23.64,-34.92,4.84,
10.24,-0.42,16.29,10.81,27.82,2.51,7.65,1.67,10.36,6.87,4.74,-0.04,2.12,-2.54,5.62,4.79,-14.92,3.09,-16.69,-3.27,
25.51,-11.81,6.65,-24.65,26.62,4.29,6.54,11.39,27.40,15.39,-2.07,6.19,14.56,10.59,17.82,-11.06,-2.18,21.11,8.51,12.55,
2.01,-6.42,21.54,13.21,10.84,4.22,-5.02,12.55,8.98,2.91,4.47,-6.59,11.93,7.26,2.99,6.73,-14.56,9.81,-36.20,-1.36,
21.58,-4.92,11.02,-3.23,25.28,13.45,-4.07,3.38,14.86,10.18,8.59,5.36,16.27,-3.00,15.41,7.80,-4.52,13.70,-16.02,3.98,
38.82,-13.62,-3.93,16.62,28.41,14.00,-4.45,-6.81,10.15,9.62,5.96,-0.44,1.76,9.36,6.89,-0.97,-12.80,13.91,-6.15,-1.22,
14.85,-6.50,11.56,-7.49,30.28,7.29,3.08,-1.77,1.17,9.04,0.90,-7.16,-2.90,-20.13,10.02,7.65,-19.51,-1.20,-30.68,-0.28,
2.04,-0.78,35.25,11.53,17.55,3.10,-2.71,17.57,2.74,5.05,7.36,-1.39,35.40,-9.46,5.80,3.12,-11.64,20.26,-9.72,-1.24,
22.74,-9.32,-53.50,-10.83,11.02,6.43,3.11,-5.40,-22.50,8.60,5.34,3.27,-1.25,15.78,6.49,3.84,-1.49,-56.59,-4.90,5.59,
27.24,-16.47,-9.81,-3.53,25.46,6.55,2.55,12.88,9.45,7.73,7.59,0.31,12.66,-3.45,9.81,7.43,-11.17,13.14,-20.81,4.92,
12.35,-4.20,10.40,-2.05,21.85,10.91,-2.92,4.01,-1.49,7.27,4.57,-6.66,-2.06,-5.15,5.88,16.16,-15.48,-9.90,-29.80,-3.35,
3.34,-0.49,28.01,19.62,13.85,3.63,-0.82,10.59,21.73,4.63,9.30,0.14,-0.26,8.05,6.73,5.30,-8.33,12.90,4.65,-2.21,
17.60,-5.63,30.23,16.13,34.89,13.99,-5.92,-7.18,9.58,9.25,20.55,-3.10,-11.86,7.27,7.76,6.28,-10.26,3.13,-12.12,-1.95,
12.55,-5.93,-4.81,14.25,23.36,14.58,4.89,-6.02,10.76,5.92,36.06,-7.09,-35.43,-6.94,9.18,13.97,-13.15,-15.52,-12.44,10.23,
8.88,-2.95,-52.40,-53.90,3.77,26.56,-12.06,-8.46,-11.23,-2.70,40.93,-5.30,-25.33,-24.55,1.36,21.03,-5.99,-6.93,-23.81,5.58,
14.72,-8.77,4.12,3.22,13.86,38.81,2.59,-14.72,1.57,0.42,40.23,-10.56,-28.99,-10.23,7.08,25.77,-8.65,-8.76,-15.43,8.06,
19.43,-1.88,-1.22,13.12,15.27,20.09,20.55,-14.34,6.78,-0.60,41.74,-3.92,-43.63,10.71,3.99,20.27,-5.80,-23.20,-0.03,7.99,
20.69,-9.12,-40.79,-11.25,4.95,10.47,-3.66,-15.54,2.25,-0.86,12.87,0.12,-20.22,0.56,0.83,5.53,-2.32,-12.18,-2.42,3.49,
14.26,-17.94,6.54,-58.35,5.70,6.45,-14.38,7.02,-5.01,14.73,-0.92,0.63,18.56,-3.06,13.75,0.80,-13.20,7.66,-20.78,9.38,
24.36,-16.58,-13.18,-10.22,14.13,25.38,-0.38,-12.87,-10.06,8.31,25.48,-6.67,-19.02,-19.36,5.62,13.36,-18.07,-4.33,-26.90,10.18,
13.87,-15.64,-15.80,-30.06,17.55,26.67,0.36,-11.77,3.34,8.69,32.64,-3.48,-20.11,-5.56,7.03,6.77,-12.55,3.96,-14.69,9.99,
18.38,-15.96,-6.77,1.33,14.96,22.15,1.54,-9.68,6.12,5.96,26.57,-4.45,-10.91,-13.30,8.10,15.53,-18.50,-3.05,-27.73,10.73,
17.52,-8.88,-13.49,28.78,15.89,20.29,5.36,-3.58,23.76,4.71,14.61,0.70,-1.44,13.54,7.13,12.42,-13.28,-8.49,1.49,7.09,