117.36,-1.44,33.02,-41.16,-30.65,130.73,-11.63,11.09,-31.10,-26.08,92.07,9.31,-90.59,4.87,-10.85,41.82,28.75,-38.24,20.99,7.38,
81.85,7.89,45.35,-49.48,-31.70,86.71,-6.35,19.01,-10.12,-17.23,78.37,8.16,-102.41,-11.35,-32.36,2.83,26.64,-8.52,22.27,-9.12,
96.86,-10.95,45.65,-13.39,11.48,107.72,-5.38,1.38,-23.91,-16.56,74.01,9.09,-83.83,-1.33,-21.27,21.01,25.75,-23.92,22.73,-8.98,
87.40,4.94,22.01,-43.58,-21.60,101.63,-3.92,16.20,-10.20,-21.90,89.14,7.54,-99.09,-19.32,-25.86,15.19,24.62,-20.47,19.47,-7.32,
90.93,20.09,54.38,-43.29,-57.36,87.75,8.73,21.01,-83.14,-26.98,92.75,-5.40,-123.08,0.74,-30.84,23.26,23.14,-18.09,5.03,-9.35,
81.35,14.81,12.98,-75.04,-45.67,80.91,-1.05,21.80,-68.91,-20.22,91.15,0.50,-117.67,-1.09,-32.92,12.90,20.58,-24.17,29.66,-8.47,
94.83,2.33,35.27,-12.85,-2.63,98.99,-5.96,9.92,-18.97,-32.26,92.15,-0.04,-106.94,-27.25,-31.41,11.79,24.92,-16.57,12.50,-11.25,
90.19,18.46,12.24,-55.68,-38.46,96.42,-8.76,-11.00,-67.03,-19.23,87.97,-8.24,-82.11,-22.63,-39.48,13.31,24.53,-18.02,34.38,-13.94,
88.86,15.76,11.38,-73.03,-36.13,94.38,-2.09,7.06,50.69,-18.07,94.67,-2.31,-110.56,-9.58,-35.27,15.23,25.52,-22.87,25.26,-13.22,
95.65,5.16,10.31,-78.53,-25.68,103.43,-18.20,13.45,-0.71,-18.44,100.22,1.13,-62.60,-42.61,-43.63,18.31,25.92,-26.57,34.12,-15.70,
110.88,23.55,1.55,-46.03,-37.89,111.81,3.44,-10.46,-41.37,-11.07,70.39,8.92,-66.06,-3.54,-29.69,19.32,21.06,-18.12,18.35,-2.50,
91.62,25.56,15.11,-58.92,-27.82,90.05,3.29,20.45,29.13,-6.49,84.24,11.89,-98.17,9.55,-42.36,18.05,27.77,-21.94,27.50,-12.48,
86.28,2.30,65.03,-26.78,-36.98,87.66,-1.95,34.81,-9.26,-18.61,79.39,8.18,-100.55,-8.54,-22.23,24.41,33.66,-26.30,34.34,-8.60,
100.59,-0.13,19.36,-28.10,-14.78,106.49,-3.85,4.18,-19.43,-29.92,97.62,0.74,-110.98,-15.83,-26.35,21.75,28.42,-28.02,25.27,-1.96,
101.34,19.60,21.24,-26.55,-50.99,113.29,-6.79,0.44,-7.66,-32.39,93.13,-8.27,-85.18,-18.25,-38.07,15.76,26.97,-22.47,33.15,-12.92,
81.36,4.96,61.81,-42.27,-7.33,88.00,-0.43,20.74,-37.30,-24.05,88.47,-1.20,-104.74,-18.89,-35.36,21.68,21.67,-29.84,20.07,-10.42,
94.93,12.98,40.97,-64.93,-48.78,102.36,1.35,15.41,-24.66,-23.70,90.86,1.34,-100.72,-16.27,-26.65,35.52,21.39,-36.03,20.79,-7.36,
72.24,13.33,21.90,-2.21,-43.32,69.90,15.71,95.61,-17.36,-12.19,71.84,0.82,-50.07,-23.70,-23.32,11.62,22.32,-15.67,16.33,-9.53,
87.55,6.10,58.17,-32.12,-38.12,91.42,0.46,41.35,-21.81,-12.60,76.11,2.79,-81.59,-13.31,-26.43,4.82,20.25,-9.19,22.65,3.36,
85.93,16.26,45.46,-61.93,-43.71,83.21,7.50,21.10,-29.56,-11.41,84.15,3.65,-96.53,-27.09,-33.60,21.52,20.31,-23.78,19.09,-11.19,
90.03,5.04,33.07,-42.62,-57.59,94.35,-2.04,5.77,-13.59,-31.03,79.91,-5.08,-90.94,-17.60,-40.08,9.78,28.48,-17.46,32.60,-11.06,
72.03,13.49,93.54,-10.78,-33.55,77.61,1.15,56.16,-25.57,-17.34,85.47,-0.94,-64.15,-29.62,-34.10,9.42,27.82,-16.76,27.63,-13.78,
87.90,10.95,29.68,-33.39,-48.76,88.30,-1.66,19.49,-24.94,-16.28,90.21,1.85,-93.87,-25.31,-39.08,29.87,29.66,-32.65,25.60,-11.24,
82.71,13.67,50.17,-35.17,-23.97,76.54,-0.41,42.15,-19.94,-0.90,82.34,7.68,-94.90,-23.58,-44.88,8.82,26.82,-18.49,24.70,-17.88,
71.05,14.76,34.27,-60.28,-45.94,76.70,3.96,32.20,-14.97,-14.73,84.43,0.71,-92.63,-27.01,-47.65,17.31,28.11,-26.23,24.06,-20.15,
92.68,-4.93,36.89,-14.93,-54.38,98.17,1.91,17.90,-60.69,-38.09,82.91,-4.53,-85.44,-19.40,-36.86,10.98,29.46,-17.17,32.02,-15.15,
65.54,8.74,74.02,-27.75,-39.56,75.96,8.84,42.78,-28.64,-31.14,60.22,-3.00,-107.11,-11.80,-30.73,19.59,26.27,-30.72,24.88,-19.03,
74.02,13.21,80.32,17.21,-34.72,81.34,-1.41,59.63,5.14,-23.25,86.88,0.33,-85.81,-33.25,-35.43,14.76,28.18,-24.22,23.97,-15.78,
73.13,5.47,49.46,-53.04,-39.20,80.38,0.25,21.63,-26.22,-29.03,64.11,4.49,-88.42,-20.80,-33.27,19.55,26.22,-23.64,26.11,-14.17,
61.93,15.97,6.56,-18.20,8.03,81.09,-5.03,-2.06,-20.16,-27.36,69.10,10.80,-104.76,-18.01,-36.31,27.47,31.05,-35.69,27.32,-14.12,
78.08,17.62,48.51,-54.03,-39.47,79.70,6.93,4.30,-12.39,-24.27,69.91,7.83,-92.01,-3.18,-35.14,31.50,29.47,-30.75,30.01,-8.52,
80.45,8.36,35.26,-42.35,-23.04,85.83,-5.93,13.53,-22.51,-31.31,75.22,7.87,-103.22,-10.29,-40.21,26.96,33.41,-33.85,30.82,-14.60,
71.76,20.44,88.31,1.54,-46.79,74.27,0.89,32.88,-61.17,-18.74,74.47,1.08,-91.94,43.63,-30.14,20.92,26.21,-24.29,19.85,-8.04,
75.20,10.21,74.40,-30.30,-48.02,81.60,-1.47,19.03,-29.01,-39.25,77.31,3.49,-87.34,-32.35,-37.98,10.43,27.21,-14.33,24.29,-5.10,
84.96,1.72,21.15,9.29,-12.32,92.73,12.39,-10.85,-16.40,-36.33,68.73,-0.37,-92.29,-29.03,-42.15,19.44,24.61,-25.43,28.14,-19.63,
73.73,7.16,8.17,-64.17,-46.77,79.16,0.12,1.47,-18.82,-31.04,77.94,-0.22,-91.49,-20.86,-36.82,14.66,27.40,-19.23,27.38,-8.54,
76.50,8.02,21.59,-55.63,-49.85,78.26,5.73,4.44,-32.24,-39.99,74.37,-1.48,-102.27,-25.30,-39.71,24.07,23.83,-29.60,22.54,-14.11,
97.18,4.37,91.01,-11.24,-5.71,106.89,2.09,30.81,-38.18,-26.41,91.06,-2.06,-62.33,-30.10,-34.38,0.61,22.32,-5.93,19.47,-9.60,
111.24,15.50,44.00,-31.40,-48.56,112.50,14.00,12.72,-13.82,-28.16,94.30,-1.98,-101.45,-21.09,-37.87,31.81,25.39,-31.92,22.44,-1.96,
90.88,-3.60,44.57,-45.34,-26.55,98.03,4.73,6.17,-38.75,-35.69,90.87,13.83,-107.43,-0.11,-32.75,20.99,33.22,-26.94,32.13,-12.09,
69.54,14.77,67.14,-13.59,-33.99,70.28,10.28,72.19,6.28,-6.75,75.45,7.94,-100.45,-49.69,-37.02,9.41,27.12,-15.64,11.66,-7.25,
77.50,18.74,18.43,-51.40,-41.80,87.86,-0.58,2.60,-24.97,-25.92,75.41,-4.50,-98.41,-25.58,-41.70,18.73,23.62,-23.32,21.07,-14.53,
79.02,17.90,14.08,-68.58,-47.51,85.68,9.15,21.49,13.40,-29.95,88.89,-4.63,-118.13,-25.73,-46.44,26.19,25.65,-35.40,35.42,-18.71,
83.43,24.15,-3.52,-77.63,-51.96,81.93,-7.75,15.08,-25.60,-19.24,81.35,-1.43,-101.02,-31.82,-45.20,23.48,29.98,-29.38,29.67,-13.56,
88.80,7.37,12.34,-26.80,-12.30,92.22,1.12,5.62,-29.25,-37.00,76.24,6.20,-106.32,-14.49,-48.86,13.45,25.19,-22.00,25.43,-16.83,
95.63,4.72,22.98,-66.58,-44.45,98.64,6.30,0.49,-22.19,-34.56,91.50,5.11,-105.96,-24.04,-35.19,11.46,31.02,-19.47,36.83,-12.79,
84.75,6.07,47.23,-62.41,-44.67,87.80,10.86,24.34,5.62,-31.62,84.32,9.11,-101.20,-19.33,-41.26,28.69,32.31,-40.44,25.36,-17.39,
83.80,22.62,30.16,-17.08,-49.30,83.84,18.43,9.48,-24.03,-36.90,87.71,0.39,-90.67,-25.60,-49.05,13.60,30.17,-23.94,32.80,-18.93,