26.64,-6.95,-6.53,1.35,8.13,36.85,-20.22,-31.39,-28.65,8.48,-19.82,10.25,11.61,-14.42,12.36,-32.18,-2.32,38.91,-23.67,15.21,
23.77,-13.58,-10.18,0.62,23.91,28.97,-8.51,-15.33,17.97,15.38,-69.89,6.67,75.36,-4.64,20.90,-64.23,-22.15,71.05,-33.11,26.14,
17.89,1.75,12.37,1.65,24.12,24.42,-9.46,-6.43,14.40,18.54,-47.45,10.71,64.09,4.93,7.87,-57.00,-7.32,66.38,-15.80,14.84,
15.56,-4.07,15.80,21.19,28.32,14.89,-7.30,-20.25,50.10,17.83,-67.21,12.80,73.77,-39.30,16.72,-59.22,-13.40,69.80,-28.45,20.03,
43.72,-4.37,-6.45,14.33,28.09,43.95,-15.94,-45.71,37.83,28.43,-30.79,22.33,49.06,1.92,14.24,-56.13,-6.39,61.77,-24.64,21.30,
32.98,-23.40,-5.27,0.15,30.18,27.80,-21.82,-9.95,11.94,23.37,-44.71,20.05,64.00,3.48,24.08,-53.72,-7.89,60.42,-26.40,26.53,
34.77,-10.39,-3.38,21.66,36.00,36.11,-9.16,-25.90,14.57,34.70,-54.53,24.12,65.61,11.02,20.96,-63.12,-10.57,67.94,-28.46,30.50,
28.16,-9.49,13.83,19.18,36.72,16.50,-15.38,-25.03,59.69,25.19,-49.31,21.74,64.15,-29.49,16.66,-57.88,-7.14,67.99,-19.30,21.86,
38.49,-7.67,-0.89,20.28,34.16,31.75,-3.07,-25.58,14.38,26.40,-52.07,21.20,68.35,3.93,15.93,-60.17,-10.35,67.92,-28.53,24.94,
41.95,-15.84,0.78,8.01,41.46,42.57,-29.86,-20.25,-4.98,34.46,-57.69,24.67,65.89,-0.46,24.03,-65.42,-13.24,71.53,-40.41,38.36,
58.73,-7.79,-8.23,17.14,32.38,49.74,-17.48,-33.51,14.73,37.14,-33.28,28.75,60.16,5.28,20.44,-47.70,-2.94,65.25,-17.95,27.94,
55.71,-9.81,-4.60,18.96,28.64,52.76,-27.90,-34.49,10.82,34.89,-38.71,24.07,53.89,10.66,16.65,-60.30,-5.62,71.05,-23.04,29.63,
45.88,-12.73,-11.57,9.62,23.98,46.18,-5.30,-33.40,15.40,23.44,-37.65,24.59,58.29,16.47,15.37,-57.98,-9.17,72.60,-24.40,27.33,
31.55,-11.59,11.81,25.60,36.55,20.36,-3.90,-8.32,12.98,25.28,-59.43,19.18,69.41,10.98,22.64,-71.52,-12.52,77.61,-34.69,32.57,
39.28,-16.53,3.13,-0.29,29.48,29.86,-12.27,-12.38,14.32,19.62,-53.09,16.50,69.44,9.93,19.65,-59.18,-10.90,75.11,-23.98,23.11,
20.23,-3.31,27.68,54.06,43.47,14.62,-10.33,-2.99,20.15,26.06,-68.65,21.77,77.95,7.87,27.99,-67.23,-13.60,76.10,-31.36,32.67,
25.59,-15.82,24.55,30.26,41.06,22.87,-8.97,-0.17,12.20,31.17,-57.24,25.24,72.33,9.73,22.13,-62.38,-10.68,71.68,-29.44,29.71,
24.33,-7.38,21.99,21.03,38.98,26.43,-14.71,-22.36,9.08,29.38,-61.24,25.15,78.83,1.90,26.32,-66.79,-10.48,73.70,-35.44,38.15,
60.95,-25.07,9.46,21.07,29.15,35.10,-13.65,-11.18,31.90,28.47,-42.99,20.17,53.33,12.46,21.80,-60.38,-7.24,71.90,-24.64,28.02,
46.56,-25.47,1.26,6.11,45.13,41.86,-6.20,-25.52,21.96,33.21,-51.22,26.65,61.70,5.93,22.17,-62.63,-3.11,67.98,-24.36,31.61,
33.94,-38.34,15.09,10.83,41.67,38.02,-18.68,-16.02,-22.94,40.13,-60.74,24.38,63.36,3.59,28.66,-68.05,-13.21,72.86,-34.42,36.61,
26.33,-22.74,21.60,15.99,46.26,14.06,-17.59,-8.48,14.90,36.48,-74.52,21.28,80.53,5.58,26.85,-72.89,-17.45,85.21,-33.45,39.49,
33.14,-17.58,17.96,20.01,34.63,32.28,-7.64,-21.54,13.51,25.77,-45.16,18.38,76.17,11.87,22.28,-57.54,-11.22,81.14,-26.38,29.13,
23.08,-36.82,10.52,6.20,41.89,30.79,-10.74,-10.96,22.10,35.82,-66.19,25.04,74.50,11.58,26.64,-75.45,-7.83,80.04,-26.32,36.46,
45.78,-12.63,3.30,24.16,34.35,42.93,-21.96,-25.65,20.71,34.25,-44.64,27.07,62.90,15.18,15.11,-64.07,-3.69,74.42,-16.58,24.38,
53.72,-35.33,-5.22,-7.66,37.41,43.77,-30.53,-27.03,19.73,35.00,-40.97,22.46,58.14,9.12,20.87,-64.23,-2.29,70.76,-23.01,27.70,
47.21,-14.65,5.38,15.75,38.46,43.54,-24.47,-24.80,13.86,37.06,-49.46,21.62,56.85,9.34,19.27,-62.61,-10.96,73.76,-27.33,32.08,
43.39,-17.06,-4.52,16.50,25.54,53.20,-8.82,-35.76,19.30,24.08,-40.54,24.05,50.09,15.16,16.01,-59.15,1.49,65.85,-13.73,30.49,
56.25,-31.91,-4.95,23.55,31.47,55.37,-17.82,-47.28,10.18,27.96,-36.52,23.41,41.41,11.57,14.52,-56.33,-3.45,51.27,-22.27,22.49,
36.12,-18.85,-0.03,19.38,14.81,34.40,-17.80,-27.15,19.54,27.28,-26.86,16.73,48.65,7.75,18.94,-45.82,-2.99,62.84,-26.10,32.36,
57.13,-26.18,-0.16,1.52,40.62,56.46,-27.04,-31.99,2.83,37.10,-32.85,25.72,41.39,16.63,15.53,-59.48,0.27,61.54,-19.59,23.89,
55.80,-24.02,-3.85,10.64,35.02,52.13,-36.59,-39.26,7.43,33.55,-39.54,23.52,48.57,0.44,26.16,-59.20,-5.54,67.07,-32.13,39.61,
37.15,-17.75,1.90,15.07,38.65,35.94,-17.55,-24.54,21.69,36.13,-53.98,32.36,63.86,12.36,21.86,-68.73,-1.99,73.58,-27.47,34.20,
58.35,-31.24,-6.62,12.28,42.49,47.91,-8.40,-28.53,26.68,39.12,-14.24,10.77,22.78,5.41,17.86,-51.23,0.17,57.69,-13.22,24.09,
65.15,-37.13,-5.90,6.76,37.04,55.22,-28.07,-38.70,17.97,37.09,-26.72,16.72,34.58,7.14,19.68,-57.17,-3.15,63.26,-24.30,30.52,
41.79,-29.75,23.42,28.61,47.77,44.35,-22.56,-15.54,-7.89,35.70,-38.28,15.05,35.46,13.14,20.87,-60.62,-0.45,60.58,-17.24,31.13,
50.34,-10.92,-7.27,3.02,39.33,45.01,-16.82,-31.54,13.70,31.01,-53.63,27.70,67.58,14.87,14.68,-64.24,-10.29,74.07,-28.36,30.63,
49.55,-23.83,3.35,8.48,42.36,42.86,-20.89,-17.98,10.03,39.81,-55.25,31.44,61.98,16.00,19.47,-68.35,-2.63,73.78,-25.94,37.76,
23.70,-10.44,-2.42,13.20,20.98,37.38,-26.59,-43.72,-11.38,7.05,-80.31,13.04,80.67,-18.45,34.62,-81.84,-20.68,73.78,-33.68,27.09,
31.77,16.85,-20.48,15.90,18.18,38.81,0.82,-42.06,4.13,-1.08,-53.12,25.54,56.06,-10.54,20.51,-56.76,-8.17,65.05,-29.24,24.56,
23.42,-3.32,-2.98,12.56,16.39,25.82,-23.46,-16.60,-9.37,5.78,-45.65,14.92,50.32,-9.18,20.77,-55.13,-6.76,63.74,-14.45,18.32,