48.89,5.13,-7.22,-10.55,-9.48,-32.57,-4.48,24.86,-0.50,2.53,-29.89,0.07,29.43,-15.47,12.45,-34.18,-10.39,36.90,-20.48,9.32,
50.23,6.08,-19.83,-1.57,-3.05,-61.04,-4.80,60.99,-9.33,19.04,-63.40,0.39,73.25,-22.85,26.74,-53.45,-15.17,55.34,-20.82,17.32,
47.79,6.34,4.45,-2.19,-2.01,-28.08,-5.84,30.77,-1.16,3.02,-25.53,2.63,38.13,-30.37,8.78,-29.44,-3.87,40.13,-4.98,8.20,
61.17,7.27,-10.90,0.97,3.42,-43.55,2.96,46.64,0.26,16.02,-43.04,4.92,51.63,-8.59,17.26,-34.00,-8.14,31.31,-6.31,9.52,
67.99,18.03,-37.53,1.77,-0.33,-41.75,1.02,41.25,4.03,6.02,-48.24,9.57,59.93,-12.54,18.97,-42.16,-6.81,46.34,-16.83,18.40,
60.56,17.86,-16.67,-3.13,-6.28,-36.85,-1.01,32.20,1.18,3.36,-40.44,6.62,54.86,-21.90,17.11,-39.63,-4.61,47.79,-19.06,17.94,
66.47,13.83,-2.41,1.84,2.95,-41.42,-0.49,48.25,-5.22,5.26,-47.27,7.98,62.76,-13.78,16.23,-41.80,-3.21,48.58,-14.43,12.54,
66.97,29.10,-21.98,3.39,5.62,-39.34,4.62,36.22,2.74,0.31,-47.26,8.67,53.10,-9.63,14.64,-44.99,-6.87,42.75,-11.62,15.80,
67.03,15.08,-11.94,-4.78,0.08,-52.45,-0.19,52.77,-3.48,6.83,-60.13,7.21,77.23,-13.99,25.67,-58.87,-12.05,60.14,-21.10,21.44,
17.20,-6.15,-17.28,5.06,9.23,-35.80,-1.35,37.90,8.43,7.69,-63.18,-1.36,78.94,-14.71,24.48,-49.22,-14.53,50.29,-12.99,1.99,
21.44,-10.81,-3.94,3.68,13.03,-37.42,-0.58,52.75,21.01,16.95,-42.62,0.90,60.77,-53.72,31.67,-39.17,-14.81,31.21,-45.69,21.52,
8.33,3.28,-2.17,8.81,12.75,-13.95,12.53,17.79,6.97,11.56,-57.68,9.20,68.63,-12.99,27.67,-45.20,-13.10,46.71,-22.88,16.34,
37.09,-7.97,-25.15,-2.00,16.64,-38.76,3.08,58.04,-4.95,21.40,-58.99,5.64,68.66,-16.42,32.65,-46.39,-15.62,47.66,-32.67,19.50,
21.68,-13.29,-15.86,-5.90,16.02,-51.79,5.41,65.87,0.33,26.34,-77.06,14.56,70.24,-22.99,35.63,-63.86,-14.39,57.26,-29.56,23.33,
30.08,-9.32,-16.02,-8.41,13.79,-37.73,-0.71,62.92,0.92,21.02,-63.86,3.60,67.99,-21.49,35.22,-51.71,-19.16,53.76,-29.12,18.37,
34.84,-11.26,-20.57,-28.75,18.34,-28.19,8.23,70.06,2.52,24.72,-62.68,9.70,76.60,-18.05,33.13,-50.53,-15.64,56.14,-23.65,20.81,
13.68,-17.85,5.42,1.10,20.64,-37.04,8.40,70.69,3.94,26.68,-70.20,13.28,67.43,-21.91,38.51,-64.58,-17.38,60.72,-32.74,25.18,
7.80,-1.74,6.85,20.73,16.66,-54.73,6.09,51.63,48.38,16.34,-59.52,2.32,81.61,-55.49,22.62,-59.26,-10.53,61.73,-12.96,2.57,
12.18,-6.96,-9.25,6.19,11.64,-45.77,-2.00,75.64,0.43,21.80,-62.78,4.29,76.41,-23.31,31.99,-50.58,-14.74,52.71,-18.04,13.70,
29.78,-22.03,-23.03,-4.35,24.17,-44.20,3.38,76.32,1.67,33.41,-69.74,4.82,67.16,-25.91,40.22,-64.94,-18.54,62.04,-37.58,20.08,
19.87,-15.42,0.97,-4.48,18.76,-46.47,4.15,63.15,-1.87,22.93,-53.32,8.91,46.67,-38.95,27.87,-54.15,-7.97,61.51,-17.07,15.79,
20.67,-25.39,-10.70,-9.88,26.21,-50.60,12.86,78.17,-7.70,33.57,-76.34,9.24,59.24,-17.32,33.34,-68.38,-20.33,61.48,-29.36,15.91,
21.86,-21.30,-22.84,-0.03,13.21,-36.52,-13.10,71.96,-4.64,24.58,-69.43,5.72,62.82,-23.89,31.02,-58.76,-19.11,56.35,-28.95,17.89,
33.96,-33.92,-32.30,-34.73,13.09,-29.93,8.13,75.40,-7.14,29.15,-67.14,12.86,66.09,-24.72,35.74,-69.34,-15.70,64.19,-29.76,17.44,
16.13,-37.50,-18.49,-33.65,14.20,-32.54,-0.61,78.99,-12.79,36.14,-75.30,13.04,70.95,-29.56,39.79,-73.42,-18.33,70.56,-33.29,25.50,
33.91,-5.72,-24.78,-3.79,8.03,-33.83,-2.38,44.80,-6.79,14.04,-52.31,1.44,58.69,-23.50,26.45,-41.08,-16.09,37.70,-30.48,13.70,
29.74,-8.04,-25.81,-45.05,11.95,-30.32,-1.05,54.73,-4.87,11.67,-55.51,0.77,65.39,-24.55,25.73,-42.64,-16.71,46.76,-28.02,16.07,
36.48,-18.20,-32.20,-5.60,11.05,-35.55,6.59,64.94,-1.73,20.31,-67.20,11.40,70.63,-15.21,28.20,-53.50,-14.41,51.40,-23.10,16.97,
25.49,-1.75,-31.41,9.24,-4.39,16.18,4.38,-20.19,10.66,-4.52,16.49,7.44,-29.07,10.59,-5.23,14.83,5.42,-26.47,10.91,-3.05,
41.92,-19.48,-35.23,1.90,10.88,-32.27,7.34,71.72,-4.10,26.23,-70.58,1.82,71.41,-23.63,31.86,-59.86,-21.96,50.46,-29.23,17.71,
26.68,-19.55,-13.38,4.92,19.61,-42.87,5.59,83.85,-42.18,27.00,-65.32,10.67,60.33,-1.15,29.33,-64.26,-8.07,59.27,-20.30,18.00,
40.22,-28.81,-28.14,-21.67,19.14,-23.27,6.17,62.62,4.16,26.03,-63.75,10.39,72.87,-14.65,26.14,-61.41,-11.59,57.38,-18.78,16.80,
33.56,-22.91,-38.74,-4.79,14.22,-51.06,1.97,65.53,1.25,25.78,-73.44,9.29,65.32,-19.01,27.34,-54.01,-22.36,53.99,-24.45,17.87,
30.66,-29.67,-29.89,-2.35,12.13,-31.98,-5.74,76.99,-1.33,20.27,-76.39,10.40,85.93,-20.80,32.10,-73.05,-17.75,67.31,-25.93,19.83,
31.69,-27.44,-17.52,-2.48,17.23,-32.81,6.91,80.09,-3.96,36.54,-74.13,11.32,74.40,-25.42,36.11,-70.45,-17.20,62.16,-32.36,21.83,
29.84,-39.34,-25.89,-7.66,18.69,-31.96,-10.88,78.96,-6.03,36.18,-77.56,15.43,79.00,-18.10,37.25,-74.61,-14.31,68.13,-24.56,23.05,
17.92,-38.20,-4.24,-6.52,11.29,-38.08,12.37,88.90,6.39,32.80,-70.21,16.31,71.56,-15.55,28.49,-65.87,-9.93,66.58,-17.20,13.31,
20.32,-12.80,1.67,1.57,12.80,-50.38,9.16,76.09,-6.08,19.14,-68.32,-0.90,78.47,-17.39,21.46,-63.32,-18.13,60.46,-23.42,0.84,